=== Run information ===

Evaluator:    weka.attributeSelection.PrincipalComponents -R 0.95 -A 5
Search:       weka.attributeSelection.Ranker -T -1.7976931348623157E308 -N -1
Relation:     CM1
Instances:    344
Attributes:   38
              LOC_BLANK
              BRANCH_COUNT
              CALL_PAIRS
              LOC_CODE_AND_COMMENT
              LOC_COMMENTS
              CONDITION_COUNT
              CYCLOMATIC_COMPLEXITY
              CYCLOMATIC_DENSITY
              DECISION_COUNT
              DECISION_DENSITY
              DESIGN_COMPLEXITY
              DESIGN_DENSITY
              EDGE_COUNT
              ESSENTIAL_COMPLEXITY
              ESSENTIAL_DENSITY
              LOC_EXECUTABLE
              PARAMETER_COUNT
              HALSTEAD_CONTENT
              HALSTEAD_DIFFICULTY
              HALSTEAD_EFFORT
              HALSTEAD_ERROR_EST
              HALSTEAD_LENGTH
              HALSTEAD_LEVEL
              HALSTEAD_PROG_TIME
              HALSTEAD_VOLUME
              MAINTENANCE_SEVERITY
              MODIFIED_CONDITION_COUNT
              MULTIPLE_CONDITION_COUNT
              NODE_COUNT
              NORMALIZED_CYLOMATIC_COMPLEXITY
              NUM_OPERANDS
              NUM_OPERATORS
              NUM_UNIQUE_OPERANDS
              NUM_UNIQUE_OPERATORS
              NUMBER_OF_LINES
              PERCENT_COMMENTS
              LOC_TOTAL
              Defective
Evaluation mode:    evaluate on all training data



=== Attribute Selection on all input data ===

Search Method:
	Attribute ranking.

Attribute Evaluator (unsupervised):
	Principal Components Attribute Transformer

Correlation matrix
  1      0.65   0.57   0.67   0.57   0.62   0.65  -0.15   0.62   0.01   0.61   0      0.66   0.55   0.15   0.64   0.12   0.52   0.67   0.59   0.71   0.72  -0.39   0.59   0.71  -0.09   0.62   0.62   0.65  -0.31   0.71   0.72   0.67   0.67   0.82   0.33   0.68  -0.14 
  0.65   1      0.62   0.74   0.8    0.97   0.99   0.03   0.96   0.12   0.92  -0.1    0.98   0.83   0.25   0.94   0.21   0.65   0.78   0.84   0.91   0.9   -0.41   0.84   0.91  -0.05   0.97   0.97   0.96  -0.02   0.89   0.91   0.86   0.79   0.91   0.15   0.95  -0.16 
  0.57   0.62   1      0.46   0.65   0.57   0.63  -0.22   0.56   0.07   0.69   0.24   0.67   0.49   0.11   0.7    0.2    0.59   0.59   0.49   0.66   0.68  -0.39   0.49   0.66  -0.16   0.57   0.57   0.67  -0.31   0.66   0.69   0.7    0.7    0.71   0.26   0.69  -0.23 
  0.67   0.74   0.46   1      0.52   0.72   0.73  -0.13   0.73   0.01   0.64  -0.1    0.74   0.6    0.15   0.65   0.23   0.45   0.67   0.66   0.72   0.72  -0.36   0.66   0.72  -0.06   0.72   0.72   0.73  -0.19   0.72   0.72   0.64   0.64   0.74   0.36   0.75  -0.03 
  0.57   0.8    0.65   0.52   1      0.77   0.79  -0.15   0.75   0.08   0.71  -0.09   0.78   0.67   0.13   0.85   0.23   0.6    0.63   0.68   0.8    0.79  -0.34   0.68   0.8   -0.08   0.78   0.77   0.77  -0.25   0.77   0.79   0.8    0.69   0.85   0.4    0.83  -0.31 
  0.62   0.97   0.57   0.72   0.77   1      0.93   0      1      0.06   0.86  -0.1    0.97   0.82   0.26   0.9    0.21   0.68   0.74   0.78   0.89   0.88  -0.41   0.78   0.89  -0.03   1      1      0.97  -0.05   0.87   0.88   0.85   0.73   0.87   0.17   0.91  -0.16 
  0.65   0.99   0.63   0.73   0.79   0.93   1      0.04   0.92   0.13   0.94  -0.09   0.97   0.8    0.22   0.94   0.2    0.61   0.79   0.87   0.91   0.9   -0.4    0.87   0.91  -0.06   0.94   0.93   0.94  -0.01   0.88   0.9    0.84   0.8    0.91   0.14   0.95  -0.15 
 -0.15   0.03  -0.22  -0.13  -0.15   0      0.04   1     -0.02   0.38  -0.03  -0.31  -0.05   0.08   0.19  -0.17  -0.18  -0.34  -0.08  -0.04  -0.17  -0.19   0.18  -0.04  -0.17   0.16   0.02   0     -0.07   0.85  -0.2   -0.19  -0.25  -0.17  -0.19  -0.24  -0.17   0.18 
  0.62   0.96   0.56   0.73   0.75   1      0.92  -0.02   1      0.01   0.86  -0.08   0.96   0.8    0.24   0.89   0.21   0.68   0.74   0.77   0.88   0.88  -0.41   0.77   0.88  -0.05   0.99   1      0.97  -0.06   0.87   0.88   0.84   0.72   0.86   0.17   0.91  -0.16 
  0.01   0.12   0.07   0.01   0.08   0.06   0.13   0.38   0.01   1      0.06  -0.27   0.06   0.23   0.44   0.06   0.02  -0.01   0.08   0.04   0.04   0.04  -0.08   0.04   0.04   0.34   0.1    0.06   0.04   0.37   0.03   0.05   0.04   0.12   0.06  -0.05   0.06  -0.03 
  0.61   0.92   0.69   0.64   0.71   0.86   0.94  -0.03   0.86   0.06   1      0.17   0.93   0.73   0.18   0.92   0.17   0.66   0.72   0.83   0.89   0.87  -0.36   0.83   0.89  -0.1    0.86   0.86   0.91  -0.05   0.85   0.88   0.84   0.76   0.87   0.09   0.92  -0.18 
  0     -0.1    0.24  -0.1   -0.09  -0.1   -0.09  -0.31  -0.08  -0.27   0.17   1     -0.04  -0.13  -0.18  -0     -0.12   0.18  -0.15  -0.04  -0.01  -0.01   0.14  -0.04  -0.01  -0.13  -0.11  -0.1   -0.02  -0.27  -0.01  -0      0.07  -0.06  -0.03  -0.06  -0.02  -0.1  
  0.66   0.98   0.67   0.74   0.78   0.97   0.97  -0.05   0.96   0.06   0.93  -0.04   1      0.81   0.22   0.95   0.22   0.71   0.78   0.82   0.93   0.93  -0.43   0.82   0.93  -0.08   0.97   0.97   1     -0.07   0.91   0.93   0.89   0.79   0.92   0.15   0.96  -0.16 
  0.55   0.83   0.49   0.6    0.67   0.82   0.8    0.08   0.8    0.23   0.73  -0.13   0.81   1      0.59   0.77   0.21   0.52   0.64   0.67   0.76   0.75  -0.34   0.67   0.76   0.41   0.84   0.83   0.8    0.04   0.73   0.75   0.7    0.64   0.75   0.09   0.78  -0.1  
  0.15   0.25   0.11   0.15   0.13   0.26   0.22   0.19   0.24   0.44   0.18  -0.18   0.22   0.59   1      0.2    0.15   0.11   0.21   0.1    0.16   0.17  -0.23   0.1    0.16   0.85   0.28   0.26   0.22   0.19   0.16   0.18   0.15   0.23   0.19  -0.05   0.2   -0.01 
  0.64   0.94   0.7    0.65   0.85   0.9    0.94  -0.17   0.89   0.06   0.92  -0      0.95   0.77   0.2    1      0.26   0.76   0.75   0.82   0.95   0.94  -0.42   0.82   0.95  -0.08   0.9    0.9    0.94  -0.16   0.93   0.95   0.93   0.8    0.95   0.14   0.99  -0.23 
  0.12   0.21   0.2    0.23   0.23   0.21   0.2   -0.18   0.21   0.02   0.17  -0.12   0.22   0.21   0.15   0.26   1      0.21   0.2    0.12   0.21   0.22  -0.19   0.12   0.21   0.04   0.21   0.21   0.22  -0.13   0.21   0.23   0.24   0.25   0.25   0.11   0.27  -0.06 
  0.52   0.65   0.59   0.45   0.6    0.68   0.61  -0.34   0.68  -0.01   0.66   0.18   0.71   0.52   0.11   0.76   0.21   1      0.43   0.44   0.77   0.78  -0.36   0.44   0.77  -0.16   0.67   0.68   0.74  -0.28   0.77   0.78   0.9    0.55   0.71   0.11   0.75  -0.25 
  0.67   0.78   0.59   0.67   0.63   0.74   0.79  -0.08   0.74   0.08   0.72  -0.15   0.78   0.64   0.21   0.75   0.2    0.43   1      0.77   0.81   0.84  -0.64   0.77   0.81  -0.1    0.73   0.74   0.76  -0.16   0.84   0.84   0.69   0.9    0.81   0.23   0.78  -0.16 
  0.59   0.84   0.49   0.66   0.68   0.78   0.87  -0.04   0.77   0.04   0.83  -0.04   0.82   0.67   0.1    0.82   0.12   0.44   0.77   1      0.88   0.85  -0.28   1      0.88  -0.06   0.78   0.78   0.79  -0.07   0.84   0.85   0.72   0.71   0.83   0.13   0.84  -0.09 
  0.71   0.91   0.66   0.72   0.8    0.89   0.91  -0.17   0.88   0.04   0.89  -0.01   0.93   0.76   0.16   0.95   0.21   0.77   0.81   0.88   1      1     -0.44   0.88   1     -0.1    0.89   0.89   0.92  -0.18   0.99   0.99   0.95   0.82   0.94   0.19   0.96  -0.2  
  0.72   0.9    0.68   0.72   0.79   0.88   0.9   -0.19   0.88   0.04   0.87  -0.01   0.93   0.75   0.17   0.94   0.22   0.78   0.84   0.85   1      1     -0.48   0.85   1     -0.11   0.88   0.88   0.92  -0.21   0.99   1      0.95   0.84   0.94   0.2    0.95  -0.21 
 -0.39  -0.41  -0.39  -0.36  -0.34  -0.41  -0.4    0.18  -0.41  -0.08  -0.36   0.14  -0.43  -0.34  -0.23  -0.42  -0.19  -0.36  -0.64  -0.28  -0.44  -0.48   1     -0.28  -0.44   0.1   -0.41  -0.41  -0.44   0.2   -0.48  -0.48  -0.45  -0.65  -0.46  -0.16  -0.43   0.15 
  0.59   0.84   0.49   0.66   0.68   0.78   0.87  -0.04   0.77   0.04   0.83  -0.04   0.82   0.67   0.1    0.82   0.12   0.44   0.77   1      0.88   0.85  -0.28   1      0.88  -0.06   0.78   0.78   0.79  -0.07   0.84   0.85   0.72   0.71   0.83   0.13   0.84  -0.09 
  0.71   0.91   0.66   0.72   0.8    0.89   0.91  -0.17   0.88   0.04   0.89  -0.01   0.93   0.76   0.16   0.95   0.21   0.77   0.81   0.88   1      1     -0.44   0.88   1     -0.1    0.89   0.89   0.92  -0.18   0.99   0.99   0.95   0.82   0.94   0.19   0.96  -0.2  
 -0.09  -0.05  -0.16  -0.06  -0.08  -0.03  -0.06   0.16  -0.05   0.34  -0.1   -0.13  -0.08   0.41   0.85  -0.08   0.04  -0.16  -0.1   -0.06  -0.1   -0.11   0.1   -0.06  -0.1    1     -0.01  -0.03  -0.08   0.2   -0.12  -0.1   -0.13  -0.11  -0.1   -0.14  -0.08   0.09 
  0.62   0.97   0.57   0.72   0.78   1      0.94   0.02   0.99   0.1    0.86  -0.11   0.97   0.84   0.28   0.9    0.21   0.67   0.73   0.78   0.89   0.88  -0.41   0.78   0.89  -0.01   1      1      0.96  -0.03   0.87   0.88   0.85   0.73   0.87   0.17   0.92  -0.16 
  0.62   0.97   0.57   0.72   0.77   1      0.93   0      1      0.06   0.86  -0.1    0.97   0.83   0.26   0.9    0.21   0.68   0.74   0.78   0.89   0.88  -0.41   0.78   0.89  -0.03   1      1      0.97  -0.04   0.87   0.88   0.85   0.73   0.87   0.16   0.92  -0.16 
  0.65   0.96   0.67   0.73   0.77   0.97   0.94  -0.07   0.97   0.04   0.91  -0.02   1      0.8    0.22   0.94   0.22   0.74   0.76   0.79   0.92   0.92  -0.44   0.79   0.92  -0.08   0.96   0.97   1     -0.1    0.91   0.92   0.89   0.77   0.91   0.15   0.95  -0.16 
 -0.31  -0.02  -0.31  -0.19  -0.25  -0.05  -0.01   0.85  -0.06   0.37  -0.05  -0.27  -0.07   0.04   0.19  -0.16  -0.13  -0.28  -0.16  -0.07  -0.18  -0.21   0.2   -0.07  -0.18   0.2   -0.03  -0.04  -0.1    1     -0.21  -0.2   -0.24  -0.24  -0.27  -0.59  -0.17   0.19 
  0.71   0.89   0.66   0.72   0.77   0.87   0.88  -0.2    0.87   0.03   0.85  -0.01   0.91   0.73   0.16   0.93   0.21   0.77   0.84   0.84   0.99   0.99  -0.48   0.84   0.99  -0.12   0.87   0.87   0.91  -0.21   1      0.98   0.94   0.82   0.93   0.19   0.94  -0.2  
  0.72   0.91   0.69   0.72   0.79   0.88   0.9   -0.19   0.88   0.05   0.88  -0      0.93   0.75   0.18   0.95   0.23   0.78   0.84   0.85   0.99   1     -0.48   0.85   0.99  -0.1    0.88   0.88   0.92  -0.2    0.98   1      0.95   0.85   0.95   0.2    0.96  -0.21 
  0.67   0.86   0.7    0.64   0.8    0.85   0.84  -0.25   0.84   0.04   0.84   0.07   0.89   0.7    0.15   0.93   0.24   0.9    0.69   0.72   0.95   0.95  -0.45   0.72   0.95  -0.13   0.85   0.85   0.89  -0.24   0.94   0.95   1      0.79   0.91   0.19   0.93  -0.25 
  0.67   0.79   0.7    0.64   0.69   0.73   0.8   -0.17   0.72   0.12   0.76  -0.06   0.79   0.64   0.23   0.8    0.25   0.55   0.9    0.71   0.82   0.84  -0.65   0.71   0.82  -0.11   0.73   0.73   0.77  -0.24   0.82   0.85   0.79   1      0.85   0.28   0.82  -0.24 
  0.82   0.91   0.71   0.74   0.85   0.87   0.91  -0.19   0.86   0.06   0.87  -0.03   0.92   0.75   0.19   0.95   0.25   0.71   0.81   0.83   0.94   0.94  -0.46   0.83   0.94  -0.1    0.87   0.87   0.91  -0.27   0.93   0.95   0.91   0.85   1      0.31   0.96  -0.23 
  0.33   0.15   0.26   0.36   0.4    0.17   0.14  -0.24   0.17  -0.05   0.09  -0.06   0.15   0.09  -0.05   0.14   0.11   0.11   0.23   0.13   0.19   0.2   -0.16   0.13   0.19  -0.14   0.17   0.16   0.15  -0.59   0.19   0.2    0.19   0.28   0.31   1      0.18  -0.17 
  0.68   0.95   0.69   0.75   0.83   0.91   0.95  -0.17   0.91   0.06   0.92  -0.02   0.96   0.78   0.2    0.99   0.27   0.75   0.78   0.84   0.96   0.95  -0.43   0.84   0.96  -0.08   0.92   0.92   0.95  -0.17   0.94   0.96   0.93   0.82   0.96   0.18   1     -0.21 
 -0.14  -0.16  -0.23  -0.03  -0.31  -0.16  -0.15   0.18  -0.16  -0.03  -0.18  -0.1   -0.16  -0.1   -0.01  -0.23  -0.06  -0.25  -0.16  -0.09  -0.2   -0.21   0.15  -0.09  -0.2    0.09  -0.16  -0.16  -0.16   0.19  -0.2   -0.21  -0.25  -0.24  -0.23  -0.17  -0.21   1    


eigenvalue	proportion	cumulative
 23.47194	  0.61768	  0.61768	0.203LOC_TOTAL+0.202NUM_OPERATORS+0.202HALSTEAD_ERROR_EST+0.202HALSTEAD_VOLUME+0.201HALSTEAD_LENGTH...
  3.30342	  0.08693	  0.70461	0.444NORMALIZED_CYLOMATIC_COMPLEXITY+0.421CYCLOMATIC_DENSITY+0.349ESSENTIAL_DENSITY+0.343MAINTENANCE_SEVERITY+0.317DECISION_DENSITY...
  1.90645	  0.05017	  0.75478	0.464ESSENTIAL_DENSITY+0.423MAINTENANCE_SEVERITY-0.31NORMALIZED_CYLOMATIC_COMPLEXITY+0.29 PERCENT_COMMENTS-0.251CYCLOMATIC_DENSITY...
  1.44455	  0.03801	  0.7928 	0.548DESIGN_DENSITY-0.378PERCENT_COMMENTS+0.308HALSTEAD_CONTENT+0.261MAINTENANCE_SEVERITY-0.252HALSTEAD_DIFFICULTY...
  1.16299	  0.0306 	  0.8234 	0.496Defective=N-0.38DECISION_DENSITY+0.353HALSTEAD_LEVEL+0.296MAINTENANCE_SEVERITY+0.254LOC_CODE_AND_COMMENT...
  1.03696	  0.02729	  0.85069	0.667PARAMETER_COUNT-0.337PERCENT_COMMENTS+0.253Defective=N-0.226HALSTEAD_LEVEL-0.223DESIGN_DENSITY...
  1.00125	  0.02635	  0.87704	-0.423HALSTEAD_LEVEL+0.4  Defective=N-0.34PERCENT_COMMENTS-0.309LOC_COMMENTS+0.298HALSTEAD_DIFFICULTY...
  0.77817	  0.02048	  0.89752	0.431Defective=N+0.408PARAMETER_COUNT+0.405CALL_PAIRS+0.403DECISION_DENSITY+0.273DESIGN_DENSITY...
  0.76453	  0.02012	  0.91764	-0.386HALSTEAD_PROG_TIME-0.386HALSTEAD_EFFORT-0.368PARAMETER_COUNT+0.297Defective=N+0.252HALSTEAD_CONTENT...
  0.6891 	  0.01813	  0.93577	0.4  DESIGN_DENSITY-0.391DECISION_DENSITY-0.356HALSTEAD_CONTENT-0.272Defective=N+0.248PARAMETER_COUNT...
  0.5122 	  0.01348	  0.94925	-0.581LOC_BLANK-0.439LOC_CODE_AND_COMMENT+0.342LOC_COMMENTS+0.311Defective=N-0.183HALSTEAD_LEVEL...
  0.42305	  0.01113	  0.96038	0.475DECISION_DENSITY-0.389LOC_BLANK+0.383LOC_CODE_AND_COMMENT-0.324CALL_PAIRS-0.279LOC_COMMENTS...

Eigenvectors
 V1	 V2	 V3	 V4	 V5	 V6	 V7	 V8	 V9	 V10	 V11	 V12	
 0.1507	-0.0829	 0.0976	-0.1334	 0.0748	-0.1877	 0.154 	 0.1031	 0.1465	-0.0294	-0.5809	-0.3888	LOC_BLANK
 0.1993	 0.0879	-0.0743	-0.0167	 0.0186	 0.0079	-0.0812	-0.0009	 0.0517	 0.0765	 0.0647	 0.0524	BRANCH_COUNT
 0.1448	-0.1329	 0.0921	 0.1234	-0.2145	-0.1143	 0.0871	 0.4048	 0.1186	 0.1731	 0.1801	-0.3243	CALL_PAIRS
 0.1567	-0.0126	 0.0332	-0.2168	 0.2537	-0.0007	 0.0278	 0.0794	 0.1181	 0.0914	-0.4394	 0.383 	LOC_CODE_AND_COMMENT
 0.1713	-0.0497	 0.0657	-0.039 	-0.0633	-0.1158	-0.3092	 0.056 	-0.0582	-0.072 	 0.342 	-0.2788	LOC_COMMENTS
 0.1947	 0.0789	-0.0561	 0.0084	 0.062 	 0.0693	-0.1391	-0.1013	 0.1689	 0.0884	 0.0455	 0.1007	CONDITION_COUNT
 0.1973	 0.0839	-0.094 	-0.033 	 0.0057	-0.0264	-0.0395	 0.0417	-0.0308	 0.0818	 0.0708	 0.03  	CYCLOMATIC_COMPLEXITY
-0.0272	 0.421 	-0.2505	-0.1632	-0.175 	-0.1563	-0.1026	 0.175 	 0.1614	 0.2145	-0.1211	-0.2191	CYCLOMATIC_DENSITY
 0.1935	 0.0621	-0.0689	 0.0096	 0.0769	 0.0851	-0.1312	-0.1222	 0.1774	 0.1104	 0.0256	 0.1004	DECISION_COUNT
 0.0143	 0.3173	 0.206 	-0.0458	-0.3798	-0.2207	-0.0085	 0.4031	-0.0584	-0.3906	 0.0105	 0.4746	DECISION_DENSITY
 0.189 	 0.0225	-0.1248	 0.1374	-0.0212	-0.0696	 0.0527	 0.1203	-0.0435	 0.175 	 0.0648	 0.0748	DESIGN_COMPLEXITY
-0.0068	-0.246 	-0.0936	 0.548 	 0.0404	-0.2234	 0.2164	 0.2732	 0.0475	 0.4   	-0.0426	 0.2651	DESIGN_DENSITY
 0.2013	 0.0445	-0.0708	 0.0332	 0.0174	 0.0453	-0.0454	-0.001 	 0.0994	 0.0638	 0.042 	 0.0498	EDGE_COUNT
 0.1671	 0.216 	 0.1593	 0.1137	 0.1489	-0.0288	-0.0378	-0.058 	 0.0377	 0.0681	 0.0505	-0.0963	ESSENTIAL_COMPLEXITY
 0.0471	 0.3491	 0.4638	 0.1939	 0.0858	-0.0336	 0.1097	-0.0797	 0.0607	 0.0873	-0.0138	-0.0445	ESSENTIAL_DENSITY
 0.1998	-0.0082	-0.0264	 0.0947	-0.0439	 0.0469	-0.0492	 0.0169	-0.0759	-0.0661	 0.1155	-0.0705	LOC_EXECUTABLE
 0.0507	-0.0273	 0.243 	-0.0603	-0.0045	 0.6673	-0.2408	 0.4082	-0.3677	 0.2482	-0.1593	-0.0055	PARAMETER_COUNT
 0.1527	-0.1329	 0.0363	 0.3084	-0.1441	 0.172 	-0.0813	-0.0035	 0.2521	-0.356 	-0.1573	 0.0207	HALSTEAD_CONTENT
 0.1728	 0.0031	 0.0583	-0.2523	-0.0886	-0.0274	 0.2984	-0.081 	-0.1275	 0.1525	 0.013 	-0.0391	HALSTEAD_DIFFICULTY
 0.1771	 0.0387	-0.1507	-0.0846	 0.1596	-0.1506	 0.1049	-0.0168	-0.386 	-0.005 	 0.0768	 0.0859	HALSTEAD_EFFORT
 0.2016	-0.026 	-0.04  	 0.0295	 0.0036	-0.0122	 0.0449	-0.0184	-0.1007	-0.1437	-0.0424	-0.0255	HALSTEAD_ERROR_EST
 0.2013	-0.0384	-0.013 	 0.0189	-0.0213	 0.008 	 0.076 	-0.0285	-0.063 	-0.1376	-0.0671	-0.0192	HALSTEAD_LENGTH
-0.1003	 0.0474	-0.2398	 0.2254	 0.3529	-0.2256	-0.4226	 0.2478	-0.2305	-0.1699	-0.1834	-0.1345	HALSTEAD_LEVEL
 0.1771	 0.0387	-0.1507	-0.0846	 0.1596	-0.1506	 0.1049	-0.0168	-0.386 	-0.005 	 0.0768	 0.0859	HALSTEAD_PROG_TIME
 0.2016	-0.026 	-0.0399	 0.03  	 0.0036	-0.0117	 0.0451	-0.0179	-0.1002	-0.1437	-0.0428	-0.0248	HALSTEAD_VOLUME
-0.0152	 0.343 	 0.4234	 0.2605	 0.2962	-0.1091	 0.043 	-0.1137	-0.1292	 0.0083	 0.0167	-0.0898	MAINTENANCE_SEVERITY
 0.1948	 0.0931	-0.0448	 0.0074	 0.0487	 0.0553	-0.1453	-0.0826	 0.1607	 0.0689	 0.0625	 0.1005	MODIFIED_CONDITION_COUNT
 0.1948	 0.0808	-0.056 	 0.0089	 0.0603	 0.0671	-0.1375	-0.0971	 0.1673	 0.0856	 0.0463	 0.0993	MULTIPLE_CONDITION_COUNT
 0.1997	 0.0312	-0.0623	 0.0541	 0.021 	 0.0678	-0.0466	-0.0147	 0.14  	 0.057 	 0.0321	 0.0555	NODE_COUNT
-0.0364	 0.4438	-0.3097	 0.0174	-0.2206	 0.0761	 0.0074	 0.0535	-0.001 	 0.079 	-0.1515	-0.0706	NORMALIZED_CYLOMATIC_COMPLEXITY
 0.199 	-0.0422	-0.0191	 0.0103	-0.0123	 0.0116	 0.0833	-0.0516	-0.0569	-0.155 	-0.0842	-0.0048	NUM_OPERANDS
 0.2016	-0.0357	-0.0089	 0.0244	-0.027 	 0.0056	 0.0708	-0.0133	-0.0665	-0.1255	-0.0556	-0.0285	NUM_OPERATORS
 0.1926	-0.0778	 0.0129	 0.1402	-0.0935	 0.066 	-0.0248	 0.0107	 0.0658	-0.2197	-0.0463	-0.0467	NUM_UNIQUE_OPERANDS
 0.1767	-0.0425	 0.1258	-0.1487	-0.1836	-0.0247	 0.2279	 0.0339	-0.0742	 0.1293	 0.0772	-0.0326	NUM_UNIQUE_OPERATORS
 0.1994	-0.0509	 0.0452	-0.042 	 0.0098	-0.0701	-0.0082	 0.0634	-0.0323	-0.0559	-0.0772	-0.1706	NUMBER_OF_LINES
 0.047 	-0.2259	 0.2896	-0.3781	 0.1554	-0.3372	-0.3395	 0.1819	 0.1999	 0.0834	 0.1188	 0.1298	PERCENT_COMMENTS
 0.2027	-0.0094	-0.0171	 0.044 	 0.007 	 0.0409	-0.038 	 0.029 	-0.0452	-0.0414	 0.0223	 0.0069	LOC_TOTAL
-0.0437	 0.1289	-0.1475	-0.1357	 0.496 	 0.2526	 0.4   	 0.4312	 0.2972	-0.2724	 0.3108	-0.0703	Defective=N

Ranked attributes:
 0.3823   1 0.203LOC_TOTAL+0.202NUM_OPERATORS+0.202HALSTEAD_ERROR_EST+0.202HALSTEAD_VOLUME+0.201HALSTEAD_LENGTH...
 0.2954   2 0.444NORMALIZED_CYLOMATIC_COMPLEXITY+0.421CYCLOMATIC_DENSITY+0.349ESSENTIAL_DENSITY+0.343MAINTENANCE_SEVERITY+0.317DECISION_DENSITY...
 0.2452   3 0.464ESSENTIAL_DENSITY+0.423MAINTENANCE_SEVERITY-0.31NORMALIZED_CYLOMATIC_COMPLEXITY+0.29 PERCENT_COMMENTS-0.251CYCLOMATIC_DENSITY...
 0.2072   4 0.548DESIGN_DENSITY-0.378PERCENT_COMMENTS+0.308HALSTEAD_CONTENT+0.261MAINTENANCE_SEVERITY-0.252HALSTEAD_DIFFICULTY...
 0.1766   5 0.496Defective=N-0.38DECISION_DENSITY+0.353HALSTEAD_LEVEL+0.296MAINTENANCE_SEVERITY+0.254LOC_CODE_AND_COMMENT...
 0.1493   6 0.667PARAMETER_COUNT-0.337PERCENT_COMMENTS+0.253Defective=N-0.226HALSTEAD_LEVEL-0.223DESIGN_DENSITY...
 0.123    7 -0.423HALSTEAD_LEVEL+0.4  Defective=N-0.34PERCENT_COMMENTS-0.309LOC_COMMENTS+0.298HALSTEAD_DIFFICULTY...
 0.1025   8 0.431Defective=N+0.408PARAMETER_COUNT+0.405CALL_PAIRS+0.403DECISION_DENSITY+0.273DESIGN_DENSITY...
 0.0824   9 -0.386HALSTEAD_PROG_TIME-0.386HALSTEAD_EFFORT-0.368PARAMETER_COUNT+0.297Defective=N+0.252HALSTEAD_CONTENT...
 0.0642  10 0.4  DESIGN_DENSITY-0.391DECISION_DENSITY-0.356HALSTEAD_CONTENT-0.272Defective=N+0.248PARAMETER_COUNT...
 0.0507  11 -0.581LOC_BLANK-0.439LOC_CODE_AND_COMMENT+0.342LOC_COMMENTS+0.311Defective=N-0.183HALSTEAD_LEVEL...
 0.0396  12 0.475DECISION_DENSITY-0.389LOC_BLANK+0.383LOC_CODE_AND_COMMENT-0.324CALL_PAIRS-0.279LOC_COMMENTS...

Selected attributes: 1,2,3,4,5,6,7,8,9,10,11,12 : 12

