=== Run information ===

Evaluator:    weka.attributeSelection.PrincipalComponents -R 0.95 -A 5
Search:       weka.attributeSelection.Ranker -T -1.7976931348623157E308 -N -1
Relation:     KC3
Instances:    200
Attributes:   40
              LOC_BLANK
              BRANCH_COUNT
              CALL_PAIRS
              LOC_CODE_AND_COMMENT
              LOC_COMMENTS
              CONDITION_COUNT
              CYCLOMATIC_COMPLEXITY
              CYCLOMATIC_DENSITY
              DECISION_COUNT
              DECISION_DENSITY
              DESIGN_COMPLEXITY
              DESIGN_DENSITY
              EDGE_COUNT
              ESSENTIAL_COMPLEXITY
              ESSENTIAL_DENSITY
              LOC_EXECUTABLE
              PARAMETER_COUNT
              GLOBAL_DATA_COMPLEXITY
              GLOBAL_DATA_DENSITY
              HALSTEAD_CONTENT
              HALSTEAD_DIFFICULTY
              HALSTEAD_EFFORT
              HALSTEAD_ERROR_EST
              HALSTEAD_LENGTH
              HALSTEAD_LEVEL
              HALSTEAD_PROG_TIME
              HALSTEAD_VOLUME
              MAINTENANCE_SEVERITY
              MODIFIED_CONDITION_COUNT
              MULTIPLE_CONDITION_COUNT
              NODE_COUNT
              NORMALIZED_CYLOMATIC_COMPLEXITY
              NUM_OPERANDS
              NUM_OPERATORS
              NUM_UNIQUE_OPERANDS
              NUM_UNIQUE_OPERATORS
              NUMBER_OF_LINES
              PERCENT_COMMENTS
              LOC_TOTAL
              Defective
Evaluation mode:    evaluate on all training data



=== Attribute Selection on all input data ===

Search Method:
	Attribute ranking.

Attribute Evaluator (unsupervised):
	Principal Components Attribute Transformer

Correlation matrix
  1      0.8    0.84   0.42   0.61   0.67   0.82  -0.4    0.68  -0.07   0.8   -0.09   0.87   0.61   0.17   0.88  -0.09   0.78  -0.04   0.84   0.77   0.78   0.87   0.88  -0.58   0.78   0.87  -0.17   0.65   0.67   0.87  -0.46   0.88   0.88   0.87   0.69   0.91   0.26   0.88  -0.28 
  0.8    1      0.8    0.49   0.63   0.91   0.99  -0.14   0.91   0.06   0.98  -0.17   0.96   0.81   0.28   0.9    0.02   0.97  -0.03   0.73   0.87   0.84   0.87   0.89  -0.61   0.84   0.87  -0.11   0.91   0.91   0.95  -0.13   0.86   0.9    0.82   0.79   0.9    0.2    0.9   -0.22 
  0.84   0.8    1      0.37   0.59   0.67   0.81  -0.44   0.69  -0.09   0.82  -0.02   0.9    0.6    0.15   0.9   -0.11   0.81   0      0.94   0.72   0.81   0.92   0.93  -0.55   0.81   0.92  -0.18   0.64   0.67   0.91  -0.45   0.92   0.93   0.96   0.71   0.9    0.21   0.9   -0.26 
  0.42   0.49   0.37   1      0.35   0.43   0.5   -0.14   0.45  -0.03   0.47  -0.09   0.48   0.51   0.15   0.46  -0.12   0.49   0.02   0.31   0.43   0.44   0.41   0.42  -0.26   0.44   0.41   0.04   0.41   0.43   0.47  -0.15   0.39   0.43   0.36   0.38   0.48   0.21   0.48  -0.36 
  0.61   0.63   0.59   0.35   1      0.52   0.64  -0.2    0.53  -0      0.64  -0.06   0.62   0.52   0.1    0.63   0.02   0.64   0.04   0.54   0.56   0.55   0.61   0.61  -0.41   0.55   0.61  -0.12   0.51   0.53   0.61  -0.32   0.6    0.62   0.6    0.57   0.7    0.65   0.63  -0.08 
  0.67   0.91   0.67   0.43   0.52   1      0.86  -0.04   0.99   0.08   0.85  -0.1    0.85   0.74   0.28   0.72   0.16   0.84  -0.01   0.55   0.84   0.72   0.72   0.74  -0.58   0.72   0.72  -0.06   1      1      0.84  -0.04   0.72   0.76   0.65   0.73   0.73   0.2    0.72  -0.18 
  0.82   0.99   0.81   0.5    0.64   0.86   1     -0.17   0.86   0.04   0.98  -0.18   0.96   0.81   0.27   0.93  -0.02   0.98  -0.04   0.77   0.86   0.85   0.9    0.91  -0.61   0.85   0.9   -0.13   0.86   0.86   0.95  -0.16   0.89   0.92   0.85   0.78   0.93   0.19   0.93  -0.23 
 -0.4   -0.14  -0.44  -0.14  -0.2   -0.04  -0.17   1     -0.08   0.43  -0.16   0.01  -0.28  -0.06   0.03  -0.4    0.22  -0.14   0.1   -0.48  -0.31  -0.26  -0.36  -0.38   0.49  -0.26  -0.36   0.13   0     -0.04  -0.29   0.93  -0.39  -0.37  -0.45  -0.33  -0.39  -0.11  -0.4    0.14 
  0.68   0.91   0.69   0.45   0.53   0.99   0.86  -0.08   1     -0      0.85  -0.09   0.86   0.71   0.25   0.74   0.14   0.84  -0.01   0.57   0.85   0.73   0.74   0.76  -0.58   0.73   0.74  -0.1    0.98   0.99   0.85  -0.09   0.74   0.78   0.67   0.73   0.75   0.2    0.74  -0.18 
 -0.07   0.06  -0.09  -0.03  -0      0.08   0.04   0.43  -0      1      0.02  -0.2   -0.02   0.19   0.42  -0.08   0.13   0.03  -0.05  -0.13   0.04  -0.03  -0.06  -0.06  -0.04  -0.03  -0.06   0.37   0.14   0.08  -0.03   0.42  -0.06  -0.06  -0.08   0.07  -0.07   0.02  -0.08   0.01 
  0.8    0.98   0.82   0.47   0.64   0.85   0.98  -0.16   0.85   0.02   1     -0.02   0.96   0.8    0.25   0.91  -0.03   0.97   0.02   0.77   0.83   0.82   0.88   0.89  -0.59   0.82   0.88  -0.12   0.85   0.85   0.94  -0.16   0.87   0.9    0.83   0.74   0.91   0.19   0.91  -0.22 
 -0.09  -0.17  -0.02  -0.09  -0.06  -0.1   -0.18   0.01  -0.09  -0.2   -0.02   1     -0.1   -0.12  -0.22  -0.15  -0.02  -0.1    0.4   -0.08  -0.17  -0.11  -0.11  -0.11   0.18  -0.11  -0.11   0.01  -0.11  -0.1   -0.09  -0.06  -0.11  -0.11  -0.11  -0.23  -0.14   0.03  -0.15   0.02 
  0.87   0.96   0.9    0.48   0.62   0.85   0.96  -0.28   0.86  -0.02   0.96  -0.1    1      0.76   0.23   0.96  -0.06   0.95  -0.01   0.85   0.87   0.91   0.96   0.97  -0.61   0.91   0.96  -0.15   0.83   0.85   1     -0.27   0.96   0.98   0.92   0.77   0.96   0.18   0.96  -0.25 
  0.61   0.81   0.6    0.51   0.52   0.74   0.81  -0.06   0.71   0.19   0.8   -0.12   0.76   1      0.62   0.72   0.04   0.79  -0.06   0.55   0.67   0.69   0.69   0.69  -0.44   0.69   0.69   0.4    0.75   0.74   0.74  -0.06   0.67   0.7    0.62   0.6    0.72   0.13   0.72  -0.15 
  0.17   0.28   0.15   0.15   0.1    0.28   0.27   0.03   0.25   0.42   0.25  -0.22   0.23   0.62   1      0.2    0.05   0.23  -0.2    0.14   0.25   0.16   0.17   0.18  -0.25   0.16   0.17   0.82   0.31   0.28   0.22   0.07   0.17   0.19   0.17   0.3    0.2   -0.01   0.2   -0.03 
  0.88   0.9    0.9    0.46   0.63   0.72   0.93  -0.4    0.74  -0.08   0.91  -0.15   0.96   0.72   0.2    1     -0.13   0.91  -0.04   0.9    0.81   0.91   0.97   0.98  -0.59   0.91   0.97  -0.15   0.69   0.72   0.96  -0.38   0.97   0.98   0.95   0.74   0.99   0.16   1     -0.25 
 -0.09   0.02  -0.11  -0.12   0.02   0.16  -0.02   0.22   0.14   0.13  -0.03  -0.02  -0.06   0.04   0.05  -0.13   1     -0.02   0.07  -0.17   0.1   -0.06  -0.1   -0.09  -0.06  -0.06  -0.1    0.05   0.18   0.16  -0.07   0.19  -0.09  -0.09  -0.11   0.12  -0.11   0.01  -0.13   0.04 
  0.78   0.97   0.81   0.49   0.64   0.84   0.98  -0.14   0.84   0.03   0.97  -0.1    0.95   0.79   0.23   0.91  -0.02   1      0.13   0.76   0.82   0.84   0.88   0.89  -0.59   0.84   0.88  -0.14   0.83   0.84   0.94  -0.14   0.87   0.9    0.83   0.74   0.91   0.2    0.91  -0.22 
 -0.04  -0.03   0      0.02   0.04  -0.01  -0.04   0.1   -0.01  -0.05   0.02   0.4   -0.01  -0.06  -0.2   -0.04   0.07   0.13   1     -0.03  -0.01  -0     -0.01  -0.01  -0.03  -0     -0.01  -0.1   -0     -0.01  -0      0.01  -0.01  -0.01  -0.02  -0.04  -0.03   0.12  -0.04  -0.07 
  0.84   0.73   0.94   0.31   0.54   0.55   0.77  -0.48   0.57  -0.13   0.77  -0.08   0.85   0.55   0.14   0.9   -0.17   0.76  -0.03   1      0.63   0.75   0.9    0.9   -0.51   0.75   0.9   -0.2    0.52   0.55   0.86  -0.47   0.91   0.9    0.97   0.61   0.89   0.14   0.9   -0.26 
  0.77   0.87   0.72   0.43   0.56   0.84   0.86  -0.31   0.85   0.04   0.83  -0.17   0.87   0.67   0.25   0.81   0.1    0.82  -0.01   0.63   1      0.79   0.81   0.84  -0.8    0.79   0.81  -0.14   0.83   0.84   0.86  -0.32   0.83   0.85   0.75   0.89   0.82   0.25   0.82  -0.2  
  0.78   0.84   0.81   0.44   0.55   0.72   0.85  -0.26   0.73  -0.03   0.82  -0.11   0.91   0.69   0.16   0.91  -0.06   0.84  -0      0.75   0.79   1      0.96   0.95  -0.47   1      0.96  -0.09   0.69   0.72   0.92  -0.26   0.94   0.94   0.86   0.67   0.9    0.14   0.91  -0.22 
  0.87   0.87   0.92   0.41   0.61   0.72   0.9   -0.36   0.74  -0.06   0.88  -0.11   0.96   0.69   0.17   0.97  -0.1    0.88  -0.01   0.9    0.81   0.96   1      1     -0.56   0.96   1     -0.14   0.69   0.72   0.97  -0.36   1      0.99   0.96   0.73   0.97   0.16   0.97  -0.24 
  0.88   0.89   0.93   0.42   0.61   0.74   0.91  -0.38   0.76  -0.06   0.89  -0.11   0.97   0.69   0.18   0.98  -0.09   0.89  -0.01   0.9    0.84   0.95   1      1     -0.6    0.95   1     -0.16   0.72   0.74   0.98  -0.38   1      1      0.96   0.75   0.97   0.17   0.98  -0.24 
 -0.58  -0.61  -0.55  -0.26  -0.41  -0.58  -0.61   0.49  -0.58  -0.04  -0.59   0.18  -0.61  -0.44  -0.25  -0.59  -0.06  -0.59  -0.03  -0.51  -0.8   -0.47  -0.56  -0.6    1     -0.47  -0.56   0.16  -0.57  -0.58  -0.61   0.48  -0.59  -0.6   -0.59  -0.81  -0.6   -0.27  -0.59   0.16 
  0.78   0.84   0.81   0.44   0.55   0.72   0.85  -0.26   0.73  -0.03   0.82  -0.11   0.91   0.69   0.16   0.91  -0.06   0.84  -0      0.75   0.79   1      0.96   0.95  -0.47   1      0.96  -0.09   0.69   0.72   0.92  -0.26   0.94   0.94   0.86   0.67   0.9    0.14   0.91  -0.22 
  0.87   0.87   0.92   0.41   0.61   0.72   0.9   -0.36   0.74  -0.06   0.88  -0.11   0.96   0.69   0.17   0.97  -0.1    0.88  -0.01   0.9    0.81   0.96   1      1     -0.56   0.96   1     -0.14   0.69   0.72   0.97  -0.36   1      0.99   0.96   0.73   0.97   0.16   0.97  -0.24 
 -0.17  -0.11  -0.18   0.04  -0.12  -0.06  -0.13   0.13  -0.1    0.37  -0.12   0.01  -0.15   0.4    0.82  -0.15   0.05  -0.14  -0.1   -0.2   -0.14  -0.09  -0.14  -0.16   0.16  -0.09  -0.14   1     -0.03  -0.06  -0.15   0.15  -0.16  -0.16  -0.18  -0.12  -0.16  -0.09  -0.15   0.08 
  0.65   0.91   0.64   0.41   0.51   1      0.86   0      0.98   0.14   0.85  -0.11   0.83   0.75   0.31   0.69   0.18   0.83  -0      0.52   0.83   0.69   0.69   0.72  -0.57   0.69   0.69  -0.03   1      1      0.82  -0.01   0.69   0.73   0.62   0.72   0.7    0.2    0.69  -0.17 
  0.67   0.91   0.67   0.43   0.53   1      0.86  -0.04   0.99   0.08   0.85  -0.1    0.85   0.74   0.28   0.72   0.16   0.84  -0.01   0.55   0.84   0.72   0.72   0.74  -0.58   0.72   0.72  -0.06   1      1      0.84  -0.05   0.72   0.76   0.65   0.73   0.73   0.21   0.72  -0.18 
  0.87   0.95   0.91   0.47   0.61   0.84   0.95  -0.29   0.85  -0.03   0.94  -0.09   1      0.74   0.22   0.96  -0.07   0.94  -0      0.86   0.86   0.92   0.97   0.98  -0.61   0.92   0.97  -0.15   0.82   0.84   1     -0.29   0.96   0.98   0.92   0.77   0.96   0.17   0.96  -0.25 
 -0.46  -0.13  -0.45  -0.15  -0.32  -0.04  -0.16   0.93  -0.09   0.42  -0.16  -0.06  -0.27  -0.06   0.07  -0.38   0.19  -0.14   0.01  -0.47  -0.32  -0.26  -0.36  -0.38   0.48  -0.26  -0.36   0.15  -0.01  -0.05  -0.29   1     -0.39  -0.37  -0.45  -0.35  -0.4   -0.37  -0.38   0.2  
  0.88   0.86   0.92   0.39   0.6    0.72   0.89  -0.39   0.74  -0.06   0.87  -0.11   0.96   0.67   0.17   0.97  -0.09   0.87  -0.01   0.91   0.83   0.94   1      1     -0.59   0.94   1     -0.16   0.69   0.72   0.96  -0.39   1      0.99   0.97   0.74   0.96   0.16   0.97  -0.23 
  0.88   0.9    0.93   0.43   0.62   0.76   0.92  -0.37   0.78  -0.06   0.9   -0.11   0.98   0.7    0.19   0.98  -0.09   0.9   -0.01   0.9    0.85   0.94   0.99   1     -0.6    0.94   0.99  -0.16   0.73   0.76   0.98  -0.37   0.99   1      0.96   0.76   0.98   0.17   0.98  -0.25 
  0.87   0.82   0.96   0.36   0.6    0.65   0.85  -0.45   0.67  -0.08   0.83  -0.11   0.92   0.62   0.17   0.95  -0.11   0.83  -0.02   0.97   0.75   0.86   0.96   0.96  -0.59   0.86   0.96  -0.18   0.62   0.65   0.92  -0.45   0.97   0.96   1      0.75   0.94   0.18   0.94  -0.25 
  0.69   0.79   0.71   0.38   0.57   0.73   0.78  -0.33   0.73   0.07   0.74  -0.23   0.77   0.6    0.3    0.74   0.12   0.74  -0.04   0.61   0.89   0.67   0.73   0.75  -0.81   0.67   0.73  -0.12   0.72   0.73   0.77  -0.35   0.74   0.76   0.75   1      0.75   0.29   0.74  -0.22 
  0.91   0.9    0.9    0.48   0.7    0.73   0.93  -0.39   0.75  -0.07   0.91  -0.14   0.96   0.72   0.2    0.99  -0.11   0.91  -0.03   0.89   0.82   0.9    0.97   0.97  -0.6    0.9    0.97  -0.16   0.7    0.73   0.96  -0.4    0.96   0.98   0.94   0.75   1      0.24   0.99  -0.26 
  0.26   0.2    0.21   0.21   0.65   0.2    0.19  -0.11   0.2    0.02   0.19   0.03   0.18   0.13  -0.01   0.16   0.01   0.2    0.12   0.14   0.25   0.14   0.16   0.17  -0.27   0.14   0.16  -0.09   0.2    0.21   0.17  -0.37   0.16   0.17   0.18   0.29   0.24   1      0.16  -0.17 
  0.88   0.9    0.9    0.48   0.63   0.72   0.93  -0.4    0.74  -0.08   0.91  -0.15   0.96   0.72   0.2    1     -0.13   0.91  -0.04   0.9    0.82   0.91   0.97   0.98  -0.59   0.91   0.97  -0.15   0.69   0.72   0.96  -0.38   0.97   0.98   0.94   0.74   0.99   0.16   1     -0.26 
 -0.28  -0.22  -0.26  -0.36  -0.08  -0.18  -0.23   0.14  -0.18   0.01  -0.22   0.02  -0.25  -0.15  -0.03  -0.25   0.04  -0.22  -0.07  -0.26  -0.2   -0.22  -0.24  -0.24   0.16  -0.22  -0.24   0.08  -0.17  -0.18  -0.25   0.2   -0.23  -0.25  -0.25  -0.22  -0.26  -0.17  -0.26   1    


eigenvalue	proportion	cumulative
 24.45865	  0.61147	  0.61147	-0.2EDGE_COUNT-0.2NODE_COUNT-0.198NUM_OPERATORS-0.197HALSTEAD_LENGTH-0.197NUMBER_OF_LINES...
  3.45459	  0.08636	  0.69783	0.393NORMALIZED_CYLOMATIC_COMPLEXITY+0.384CYCLOMATIC_DENSITY+0.334DECISION_DENSITY+0.302ESSENTIAL_DENSITY+0.276MAINTENANCE_SEVERITY...
  2.02972	  0.05074	  0.74857	-0.491ESSENTIAL_DENSITY-0.486MAINTENANCE_SEVERITY+0.318GLOBAL_DATA_DENSITY+0.255CYCLOMATIC_DENSITY+0.237DESIGN_DENSITY...
  1.75666	  0.04392	  0.79249	-0.511PERCENT_COMMENTS+0.367HALSTEAD_LEVEL+0.329NORMALIZED_CYLOMATIC_COMPLEXITY-0.257NUM_UNIQUE_OPERATORS-0.252LOC_COMMENTS...
  1.43902	  0.03598	  0.82847	-0.524DESIGN_DENSITY-0.477GLOBAL_DATA_DENSITY-0.314MAINTENANCE_SEVERITY-0.257PERCENT_COMMENTS-0.232LOC_CODE_AND_COMMENT...
  1.17876	  0.02947	  0.85793	-0.42DESIGN_DENSITY+0.369LOC_CODE_AND_COMMENT-0.358Defective=N+0.342PERCENT_COMMENTS-0.286PARAMETER_COUNT...
  1.09052	  0.02726	  0.8852 	0.539Defective=N-0.426LOC_CODE_AND_COMMENT+0.414LOC_COMMENTS+0.341PERCENT_COMMENTS+0.291DECISION_DENSITY...
  0.94297	  0.02357	  0.90877	0.493Defective=N-0.476DECISION_DENSITY-0.342GLOBAL_DATA_DENSITY-0.31PARAMETER_COUNT+0.188LOC_CODE_AND_COMMENT...
  0.77017	  0.01925	  0.92803	-0.7PARAMETER_COUNT-0.366HALSTEAD_LEVEL+0.323GLOBAL_DATA_DENSITY+0.252DECISION_DENSITY+0.225Defective=N...
  0.63754	  0.01594	  0.94396	-0.443LOC_CODE_AND_COMMENT-0.423GLOBAL_DATA_DENSITY+0.396DESIGN_DENSITY-0.308Defective=N-0.273PARAMETER_COUNT...
  0.46764	  0.01169	  0.95566	-0.415DECISION_DENSITY-0.352DESIGN_DENSITY-0.302HALSTEAD_EFFORT-0.302HALSTEAD_PROG_TIME-0.289LOC_CODE_AND_COMMENT...

Eigenvectors
 V1	 V2	 V3	 V4	 V5	 V6	 V7	 V8	 V9	 V10	 V11	
-0.1792	-0.0923	-0.0392	-0.0173	-0.0181	 0.0433	 0.026 	-0.0393	-0.048 	 0.1014	 0.0354	LOC_BLANK
-0.1931	 0.1168	 0.0652	 0.0062	 0.0349	 0.0389	-0.0283	 0.0701	 0.055 	 0.0207	 0.1063	BRANCH_COUNT
-0.1834	-0.1174	-0.0321	 0.055 	-0.0485	-0.0504	 0.063 	-0.0678	-0.0519	 0.1614	 0.0814	CALL_PAIRS
-0.0991	 0.0462	-0.028 	-0.0873	-0.2324	 0.3688	-0.4262	 0.1881	 0.0302	-0.443 	-0.2885	LOC_CODE_AND_COMMENT
-0.1342	-0.0252	 0.0596	-0.2515	-0.1627	 0.2291	 0.4142	 0.178 	-0.1434	-0.0773	 0.1218	LOC_COMMENTS
-0.1705	 0.2027	 0.1569	-0.0975	 0.0703	-0.068 	-0.123 	 0.13  	 0.0029	 0.1373	 0.0072	CONDITION_COUNT
-0.1945	 0.0836	 0.0443	 0.0353	 0.0258	 0.0633	-0.0093	 0.0523	 0.0587	-0.0124	 0.1231	CYCLOMATIC_COMPLEXITY
 0.0677	 0.3843	 0.2553	 0.2186	-0.0876	 0.2132	 0.167 	-0.0761	-0.0182	 0.051 	 0.0674	CYCLOMATIC_DENSITY
-0.173 	 0.1676	 0.1645	-0.0923	 0.0748	-0.0694	-0.1442	 0.1619	-0.0176	 0.1124	 0.0148	DECISION_COUNT
 0.0044	 0.3337	-0.1627	-0.011 	-0.0366	 0.1575	 0.2907	-0.4757	 0.2521	 0.182 	-0.4147	DECISION_DENSITY
-0.191 	 0.0766	 0.0778	 0.038 	-0.0586	-0.0097	-0.0026	 0.0712	 0.0636	 0.0824	 0.1171	DESIGN_COMPLEXITY
 0.0265	-0.0949	 0.2372	 0.028 	-0.5239	-0.4201	-0.0478	 0.1208	-0.0562	 0.3958	-0.3518	DESIGN_DENSITY
-0.2003	 0.0136	 0.0301	 0.066 	-0.003 	-0.0053	-0.0126	 0.0131	 0.0172	 0.0388	 0.0084	EDGE_COUNT
-0.1553	 0.227 	-0.1852	 0.0047	-0.172 	-0.0475	-0.0454	 0.156 	-0.0546	-0.1121	 0.1102	ESSENTIAL_COMPLEXITY
-0.0501	 0.3016	-0.4909	-0.0951	-0.1233	-0.1505	-0.015 	-0.0101	 0.023 	 0.0517	 0.2259	ESSENTIAL_DENSITY
-0.196 	-0.0687	-0.0521	 0.0936	 0.0004	 0.0273	 0.0277	-0.01  	-0.0023	-0.0539	 0.0489	LOC_EXECUTABLE
 0.0081	 0.2032	 0.1872	-0.2305	 0.1756	-0.2859	 0.057 	-0.3099	-0.6996	-0.273 	 0.0016	PARAMETER_COUNT
-0.1907	 0.0771	 0.0964	 0.0454	-0.0684	 0.0202	 0.0116	 0.0027	 0.1194	-0.088 	 0.1772	GLOBAL_DATA_COMPLEXITY
 0.0025	-0.0362	 0.3182	-0.061 	-0.4772	-0.2596	 0.0231	-0.3425	 0.3225	-0.4229	 0.2762	GLOBAL_DATA_DENSITY
-0.1734	-0.1691	-0.0886	 0.1208	-0.0191	-0.0243	 0.0806	-0.1101	-0.0506	 0.1447	 0.2652	HALSTEAD_CONTENT
-0.1804	 0.0544	 0.0392	-0.1789	 0.1348	-0.0936	-0.0602	-0.0422	 0.1193	-0.0687	-0.2186	HALSTEAD_DIFFICULTY
-0.1851	-0.0163	-0.003 	 0.1567	-0.0324	 0.0093	 0.0359	-0.0262	-0.1061	-0.15  	-0.3023	HALSTEAD_EFFORT
-0.1953	-0.0683	-0.0291	 0.1247	-0.0169	-0.0119	 0.0672	-0.0612	-0.0562	-0.0407	-0.086 	HALSTEAD_ERROR_EST
-0.1974	-0.067 	-0.0245	 0.0941	 0.0019	-0.0242	 0.046 	-0.0571	-0.0347	-0.0162	-0.0667	HALSTEAD_LENGTH
 0.1336	 0.0338	 0.0555	 0.3674	-0.2047	 0.1912	 0.0638	 0.1753	-0.3664	 0.0265	 0.0369	HALSTEAD_LEVEL
-0.1851	-0.0163	-0.003 	 0.1567	-0.0324	 0.0093	 0.0359	-0.0262	-0.1061	-0.15  	-0.3023	HALSTEAD_PROG_TIME
-0.1953	-0.0683	-0.0292	 0.1247	-0.0168	-0.0121	 0.0675	-0.0617	-0.0569	-0.04  	-0.0856	HALSTEAD_VOLUME
 0.0257	 0.276 	-0.4856	-0.0224	-0.3143	-0.1985	-0.0145	 0.0829	-0.1412	-0.0553	-0.0131	MAINTENANCE_SEVERITY
-0.1666	 0.2306	 0.149 	-0.101 	 0.0658	-0.0662	-0.1038	 0.1015	 0.0202	 0.1573	 0.0006	MODIFIED_CONDITION_COUNT
-0.1704	 0.2033	 0.1564	-0.0989	 0.0689	-0.067 	-0.1203	 0.1295	 0.0031	 0.1391	 0.0055	MULTIPLE_CONDITION_COUNT
-0.1998	 0.0013	 0.0274	 0.0709	-0.008 	-0.0172	-0.0131	 0.0061	 0.0098	 0.0475	-0.0117	NODE_COUNT
 0.069 	 0.3932	 0.2029	 0.3289	 0.0277	 0.1357	 0.0617	-0.054 	 0.0492	-0.0153	 0.0737	NORMALIZED_CYLOMATIC_COMPLEXITY
-0.195 	-0.08  	-0.0328	 0.1025	 0.0065	-0.0379	 0.0651	-0.0764	-0.0472	-0.0219	-0.083 	NUM_OPERANDS
-0.1985	-0.0588	-0.0193	 0.0887	-0.0009	-0.0157	 0.0341	-0.0451	-0.0269	-0.0126	-0.0566	NUM_OPERATORS
-0.1884	-0.1232	-0.0662	 0.0816	 0.0048	-0.0273	 0.0948	-0.1138	-0.0388	 0.0532	 0.0985	NUM_UNIQUE_OPERANDS
-0.1651	 0.0373	-0.026 	-0.2567	 0.1698	-0.0537	-0.0067	-0.1408	 0.13  	-0.0477	-0.0723	NUM_UNIQUE_OPERATORS
-0.1969	-0.0686	-0.0397	 0.0402	-0.0257	 0.0634	 0.0628	 0.0083	-0.0252	-0.0499	 0.0546	NUMBER_OF_LINES
-0.0478	-0.0588	 0.0819	-0.5111	-0.2573	 0.342 	 0.3413	 0.0943	-0.0856	 0.1338	-0.0379	PERCENT_COMMENTS
-0.1962	-0.0668	-0.0522	 0.0904	-0.0054	 0.0361	 0.0169	-0.0053	-0.0015	-0.0642	 0.0413	LOC_TOTAL
 0.053 	 0.0626	 0.0102	 0.0949	 0.2048	-0.3585	 0.5394	 0.4928	 0.2252	-0.3076	-0.147 	Defective=N

Ranked attributes:
 0.3885   1 -0.2EDGE_COUNT-0.2NODE_COUNT-0.198NUM_OPERATORS-0.197HALSTEAD_LENGTH-0.197NUMBER_OF_LINES...
 0.3022   2 0.393NORMALIZED_CYLOMATIC_COMPLEXITY+0.384CYCLOMATIC_DENSITY+0.334DECISION_DENSITY+0.302ESSENTIAL_DENSITY+0.276MAINTENANCE_SEVERITY...
 0.2514   3 -0.491ESSENTIAL_DENSITY-0.486MAINTENANCE_SEVERITY+0.318GLOBAL_DATA_DENSITY+0.255CYCLOMATIC_DENSITY+0.237DESIGN_DENSITY...
 0.2075   4 -0.511PERCENT_COMMENTS+0.367HALSTEAD_LEVEL+0.329NORMALIZED_CYLOMATIC_COMPLEXITY-0.257NUM_UNIQUE_OPERATORS-0.252LOC_COMMENTS...
 0.1715   5 -0.524DESIGN_DENSITY-0.477GLOBAL_DATA_DENSITY-0.314MAINTENANCE_SEVERITY-0.257PERCENT_COMMENTS-0.232LOC_CODE_AND_COMMENT...
 0.1421   6 -0.42DESIGN_DENSITY+0.369LOC_CODE_AND_COMMENT-0.358Defective=N+0.342PERCENT_COMMENTS-0.286PARAMETER_COUNT...
 0.1148   7 0.539Defective=N-0.426LOC_CODE_AND_COMMENT+0.414LOC_COMMENTS+0.341PERCENT_COMMENTS+0.291DECISION_DENSITY...
 0.0912   8 0.493Defective=N-0.476DECISION_DENSITY-0.342GLOBAL_DATA_DENSITY-0.31PARAMETER_COUNT+0.188LOC_CODE_AND_COMMENT...
 0.072    9 -0.7PARAMETER_COUNT-0.366HALSTEAD_LEVEL+0.323GLOBAL_DATA_DENSITY+0.252DECISION_DENSITY+0.225Defective=N...
 0.056   10 -0.443LOC_CODE_AND_COMMENT-0.423GLOBAL_DATA_DENSITY+0.396DESIGN_DENSITY-0.308Defective=N-0.273PARAMETER_COUNT...
 0.0443  11 -0.415DECISION_DENSITY-0.352DESIGN_DENSITY-0.302HALSTEAD_EFFORT-0.302HALSTEAD_PROG_TIME-0.289LOC_CODE_AND_COMMENT...

Selected attributes: 1,2,3,4,5,6,7,8,9,10,11 : 11

