=== Run information ===

Evaluator:    weka.attributeSelection.PrincipalComponents -R 0.95 -A 5
Search:       weka.attributeSelection.Ranker -T -1.7976931348623157E308 -N -1
Relation:     MC1
Instances:    8737
Attributes:   39
              LOC_BLANK
              BRANCH_COUNT
              CALL_PAIRS
              LOC_CODE_AND_COMMENT
              LOC_COMMENTS
              CONDITION_COUNT
              CYCLOMATIC_COMPLEXITY
              CYCLOMATIC_DENSITY
              DECISION_COUNT
              DESIGN_COMPLEXITY
              DESIGN_DENSITY
              EDGE_COUNT
              ESSENTIAL_COMPLEXITY
              ESSENTIAL_DENSITY
              LOC_EXECUTABLE
              PARAMETER_COUNT
              GLOBAL_DATA_COMPLEXITY
              GLOBAL_DATA_DENSITY
              HALSTEAD_CONTENT
              HALSTEAD_DIFFICULTY
              HALSTEAD_EFFORT
              HALSTEAD_ERROR_EST
              HALSTEAD_LENGTH
              HALSTEAD_LEVEL
              HALSTEAD_PROG_TIME
              HALSTEAD_VOLUME
              MAINTENANCE_SEVERITY
              MODIFIED_CONDITION_COUNT
              MULTIPLE_CONDITION_COUNT
              NODE_COUNT
              NORMALIZED_CYLOMATIC_COMPLEXITY
              NUM_OPERANDS
              NUM_OPERATORS
              NUM_UNIQUE_OPERANDS
              NUM_UNIQUE_OPERATORS
              NUMBER_OF_LINES
              PERCENT_COMMENTS
              LOC_TOTAL
              Defective
Evaluation mode:    evaluate on all training data



=== Attribute Selection on all input data ===

Search Method:
	Attribute ranking.

Attribute Evaluator (unsupervised):
	Principal Components Attribute Transformer

Correlation matrix
  1      0.51   0.48   0.61   0.72   0.47   0.44  -0.46   0.47   0.38  -0.3    0.55   0.34   0.11   0.66   0      0.25  -0.1    0.69   0.54   0.23   0.61   0.65  -0.34   0.23   0.61  -0.26   0.47   0.47   0.55  -0.38   0.65   0.65   0.69   0.53   0.85   0.51   0.71  -0.18 
  0.51   1      0.53   0.37   0.4    0.96   0.91  -0.28   0.95   0.87  -0.4    0.98   0.49   0.1    0.85   0.04   0.58  -0.07   0.33   0.87   0.71   0.89   0.87  -0.3    0.71   0.89  -0.34   0.96   0.96   0.96  -0.22   0.87   0.87   0.63   0.67   0.77   0.17   0.84  -0.1  
  0.48   0.53   1      0.33   0.32   0.48   0.43  -0.45   0.47   0.39  -0.37   0.6    0.49   0.17   0.68  -0.02   0.26  -0.06   0.58   0.35   0.06   0.45   0.47  -0.4    0.06   0.45  -0.44   0.49   0.48   0.62  -0.39   0.47   0.47   0.76   0.63   0.63   0.24   0.68  -0.18 
  0.61   0.37   0.33   1      0.42   0.28   0.35  -0.3    0.27   0.25  -0.25   0.35   0.23   0.02   0.43   0.04   0.13  -0.08   0.49   0.3    0.07   0.39   0.41  -0.23   0.07   0.39  -0.19   0.28   0.28   0.33  -0.23   0.4    0.42   0.5    0.41   0.61   0.49   0.59  -0.15 
  0.72   0.4    0.32   0.42   1      0.4    0.35  -0.31   0.4    0.33  -0.19   0.42   0.28   0.06   0.48  -0      0.25  -0.05   0.5    0.49   0.24   0.48   0.51  -0.24   0.24   0.48  -0.16   0.4    0.4    0.43  -0.26   0.51   0.51   0.46   0.39   0.74   0.51   0.51  -0.13 
  0.47   0.96   0.48   0.28   0.4    1      0.89  -0.28   1      0.86  -0.41   0.94   0.47   0.11   0.77   0.04   0.61  -0.07   0.3    0.88   0.75   0.87   0.86  -0.3    0.75   0.87  -0.35   1      1      0.94  -0.22   0.86   0.85   0.55   0.6    0.7    0.16   0.75  -0.09 
  0.44   0.91   0.43   0.35   0.35   0.89   1     -0.24   0.89   0.95  -0.44   0.9    0.51   0.1    0.73   0.05   0.62  -0.09   0.3    0.82   0.72   0.82   0.81  -0.28   0.72   0.82  -0.37   0.88   0.89   0.88  -0.19   0.82   0.8    0.57   0.59   0.67   0.16   0.73  -0.06 
 -0.46  -0.28  -0.45  -0.3   -0.31  -0.28  -0.24   1     -0.27  -0.18   0.42  -0.31  -0.2   -0.11  -0.47  -0.13  -0.17   0.06  -0.6   -0.33  -0.03  -0.28  -0.34   0.53  -0.03  -0.28   0.55  -0.28  -0.28  -0.32   0.88  -0.33  -0.34  -0.57  -0.61  -0.5   -0.51  -0.48   0.12 
  0.47   0.95   0.47   0.27   0.4    1      0.89  -0.27   1      0.87  -0.4    0.94   0.44   0.1    0.77   0.04   0.61  -0.07   0.3    0.88   0.76   0.87   0.86  -0.3    0.76   0.87  -0.35   0.99   1      0.94  -0.22   0.87   0.86   0.54   0.58   0.7    0.16   0.74  -0.08 
  0.38   0.87   0.39   0.25   0.33   0.86   0.95  -0.18   0.87   1     -0.28   0.88   0.43   0.08   0.66   0.03   0.63  -0.07   0.26   0.82   0.82   0.84   0.81  -0.21   0.82   0.84  -0.28   0.85   0.86   0.87  -0.14   0.82   0.8    0.49   0.5    0.59   0.12   0.64  -0.03 
 -0.3   -0.4   -0.37  -0.25  -0.19  -0.41  -0.44   0.42  -0.4   -0.28   1     -0.38  -0.44  -0.23  -0.44  -0.09  -0.28   0.12  -0.28  -0.36  -0.05  -0.28  -0.32   0.45  -0.05  -0.28   0.65  -0.41  -0.41  -0.38   0.34  -0.31  -0.32  -0.44  -0.59  -0.41  -0.26  -0.45   0.1  
  0.55   0.98   0.6    0.35   0.42   0.94   0.9   -0.31   0.94   0.88  -0.38   1      0.47   0.11   0.87   0.03   0.58  -0.07   0.4    0.87   0.71   0.92   0.91  -0.32   0.71   0.92  -0.34   0.94   0.94   1     -0.25   0.91   0.9    0.69   0.66   0.79   0.19   0.85  -0.13 
  0.34   0.49   0.49   0.23   0.28   0.47   0.51  -0.2    0.44   0.43  -0.44   0.47   1      0.36   0.48   0.02   0.33  -0.11   0.28   0.33   0.08   0.34   0.37  -0.24   0.08   0.34  -0.23   0.49   0.47   0.46  -0.16   0.37   0.37   0.43   0.44   0.46   0.15   0.48  -0.08 
  0.11   0.1    0.17   0.02   0.06   0.11   0.1   -0.11   0.1    0.08  -0.23   0.11   0.36   1      0.11  -0.02   0.06  -0.04   0.12   0.07   0      0.07   0.08  -0.13   0      0.07   0.07   0.11   0.11   0.12  -0.1    0.09   0.08   0.14   0.13   0.1    0.06   0.1   -0.18 
  0.66   0.85   0.68   0.43   0.48   0.77   0.73  -0.47   0.77   0.66  -0.44   0.87   0.48   0.11   1      0.06   0.43  -0.09   0.54   0.77   0.41   0.84   0.86  -0.41   0.41   0.84  -0.4    0.78   0.77   0.87  -0.37   0.84   0.86   0.85   0.81   0.92   0.25   0.98  -0.18 
  0      0.04  -0.02   0.04  -0      0.04   0.05  -0.13   0.04   0.03  -0.09   0.03   0.02  -0.02   0.06   1      0.09   0.14   0.09   0.06   0.05   0.05   0.06  -0.13   0.05   0.05  -0.06   0.04   0.04   0.03  -0.16   0.06   0.06   0.09   0.11   0.06   0.05   0.06  -0.01 
  0.25   0.58   0.26   0.13   0.25   0.61   0.62  -0.17   0.61   0.63  -0.28   0.58   0.33   0.06   0.43   0.09   1      0.21   0.17   0.58   0.56   0.55   0.54  -0.21   0.56   0.54  -0.28   0.6    0.61   0.58  -0.15   0.55   0.53   0.31   0.39   0.4    0.07   0.42  -0.01 
 -0.1   -0.07  -0.06  -0.08  -0.05  -0.07  -0.09   0.06  -0.07  -0.07   0.12  -0.07  -0.11  -0.04  -0.09   0.14   0.21   1     -0.04  -0.02  -0     -0.05  -0.05  -0.02  -0     -0.05   0.06  -0.07  -0.07  -0.07  -0.01  -0.05  -0.05  -0.06   0.02  -0.1   -0.14  -0.1    0.05 
  0.69   0.33   0.58   0.49   0.5    0.3    0.3   -0.6    0.3    0.26  -0.28   0.4    0.28   0.12   0.54   0.09   0.17  -0.04   1      0.28   0.05   0.42   0.47  -0.35   0.05   0.42  -0.3    0.31   0.3    0.42  -0.49   0.48   0.46   0.82   0.48   0.65   0.49   0.58  -0.17 
  0.54   0.87   0.35   0.3    0.49   0.88   0.82  -0.33   0.88   0.82  -0.36   0.87   0.33   0.07   0.77   0.06   0.58  -0.02   0.28   1      0.79   0.93   0.94  -0.33   0.79   0.92  -0.33   0.87   0.88   0.86  -0.27   0.93   0.94   0.52   0.67   0.74   0.2    0.75  -0.08 
  0.23   0.71   0.06   0.07   0.24   0.75   0.72  -0.03   0.76   0.82  -0.05   0.71   0.08   0      0.41   0.05   0.56  -0      0.05   0.79   1      0.78   0.73  -0.04   1      0.78  -0.04   0.73   0.75   0.71  -0.02   0.75   0.72   0.17   0.2    0.36   0.02   0.38  -0.01 
  0.61   0.89   0.45   0.39   0.48   0.87   0.82  -0.28   0.87   0.84  -0.28   0.92   0.34   0.07   0.84   0.05   0.55  -0.05   0.42   0.93   0.78   1      0.99  -0.27   0.78   1     -0.23   0.86   0.87   0.92  -0.22   0.99   0.99   0.66   0.6    0.8    0.19   0.83  -0.12 
  0.65   0.87   0.47   0.41   0.51   0.86   0.81  -0.34   0.86   0.81  -0.32   0.91   0.37   0.08   0.86   0.06   0.54  -0.05   0.47   0.94   0.73   0.99   1     -0.31   0.73   0.99  -0.28   0.85   0.86   0.91  -0.27   1      1      0.69   0.64   0.83   0.23   0.85  -0.12 
 -0.34  -0.3   -0.4   -0.23  -0.24  -0.3   -0.28   0.53  -0.3   -0.21   0.45  -0.32  -0.24  -0.13  -0.41  -0.13  -0.21  -0.02  -0.35  -0.33  -0.04  -0.27  -0.31   1     -0.04  -0.26   0.56  -0.3   -0.3   -0.32   0.5   -0.3   -0.32  -0.45  -0.59  -0.41  -0.3   -0.41   0.08 
  0.23   0.71   0.06   0.07   0.24   0.75   0.72  -0.03   0.76   0.82  -0.05   0.71   0.08   0      0.41   0.05   0.56  -0      0.05   0.79   1      0.78   0.73  -0.04   1      0.78  -0.04   0.73   0.75   0.71  -0.02   0.75   0.72   0.17   0.2    0.36   0.02   0.38  -0.01 
  0.61   0.89   0.45   0.39   0.48   0.87   0.82  -0.28   0.87   0.84  -0.28   0.92   0.34   0.07   0.84   0.05   0.54  -0.05   0.42   0.92   0.78   1      0.99  -0.26   0.78   1     -0.23   0.86   0.87   0.92  -0.22   0.99   0.99   0.66   0.6    0.8    0.19   0.83  -0.12 
 -0.26  -0.34  -0.44  -0.19  -0.16  -0.35  -0.37   0.55  -0.35  -0.28   0.65  -0.34  -0.23   0.07  -0.4   -0.06  -0.28   0.06  -0.3   -0.33  -0.04  -0.23  -0.28   0.56  -0.04  -0.23   1     -0.35  -0.35  -0.34   0.46  -0.27  -0.28  -0.43  -0.63  -0.37  -0.24  -0.4    0.03 
  0.47   0.96   0.49   0.28   0.4    1      0.88  -0.28   0.99   0.85  -0.41   0.94   0.49   0.11   0.78   0.04   0.6   -0.07   0.31   0.87   0.73   0.86   0.85  -0.3    0.73   0.86  -0.35   1      1      0.93  -0.22   0.85   0.85   0.55   0.61   0.7    0.17   0.75  -0.09 
  0.47   0.96   0.48   0.28   0.4    1      0.89  -0.28   1      0.86  -0.41   0.94   0.47   0.11   0.77   0.04   0.61  -0.07   0.3    0.88   0.75   0.87   0.86  -0.3    0.75   0.87  -0.35   1      1      0.94  -0.22   0.86   0.85   0.55   0.6    0.7    0.16   0.75  -0.09 
  0.55   0.96   0.62   0.33   0.43   0.94   0.88  -0.32   0.94   0.87  -0.38   1      0.46   0.12   0.87   0.03   0.58  -0.07   0.42   0.86   0.71   0.92   0.91  -0.32   0.71   0.92  -0.34   0.93   0.94   1     -0.26   0.91   0.9    0.7    0.65   0.79   0.19   0.85  -0.14 
 -0.38  -0.22  -0.39  -0.23  -0.26  -0.22  -0.19   0.88  -0.22  -0.14   0.34  -0.25  -0.16  -0.1   -0.37  -0.16  -0.15  -0.01  -0.49  -0.27  -0.02  -0.22  -0.27   0.5   -0.02  -0.22   0.46  -0.22  -0.22  -0.26   1     -0.26  -0.27  -0.46  -0.51  -0.42  -0.48  -0.38   0.09 
  0.65   0.87   0.47   0.4    0.51   0.86   0.82  -0.33   0.87   0.82  -0.31   0.91   0.37   0.09   0.84   0.06   0.55  -0.05   0.48   0.93   0.75   0.99   1     -0.3    0.75   0.99  -0.27   0.85   0.86   0.91  -0.26   1      0.99   0.69   0.62   0.82   0.24   0.83  -0.12 
  0.65   0.87   0.47   0.42   0.51   0.85   0.8   -0.34   0.86   0.8   -0.32   0.9    0.37   0.08   0.86   0.06   0.53  -0.05   0.46   0.94   0.72   0.99   1     -0.32   0.72   0.99  -0.28   0.85   0.85   0.9   -0.27   0.99   1      0.69   0.66   0.84   0.23   0.86  -0.12 
  0.69   0.63   0.76   0.5    0.46   0.55   0.57  -0.57   0.54   0.49  -0.44   0.69   0.43   0.14   0.85   0.09   0.31  -0.06   0.82   0.52   0.17   0.66   0.69  -0.45   0.17   0.66  -0.43   0.55   0.55   0.7   -0.46   0.69   0.69   1      0.77   0.83   0.37   0.87  -0.2  
  0.53   0.67   0.63   0.41   0.39   0.6    0.59  -0.61   0.58   0.5   -0.59   0.66   0.44   0.13   0.81   0.11   0.39   0.02   0.48   0.67   0.2    0.6    0.64  -0.59   0.2    0.6   -0.63   0.61   0.6    0.65  -0.51   0.62   0.66   0.77   1      0.75   0.29   0.81  -0.14 
  0.85   0.77   0.63   0.61   0.74   0.7    0.67  -0.5    0.7    0.59  -0.41   0.79   0.46   0.1    0.92   0.06   0.4   -0.1    0.65   0.74   0.36   0.8    0.83  -0.41   0.36   0.8   -0.37   0.7    0.7    0.79  -0.42   0.82   0.84   0.83   0.75   1      0.44   0.94  -0.19 
  0.51   0.17   0.24   0.49   0.51   0.16   0.16  -0.51   0.16   0.12  -0.26   0.19   0.15   0.06   0.25   0.05   0.07  -0.14   0.49   0.2    0.02   0.19   0.23  -0.3    0.02   0.19  -0.24   0.17   0.16   0.19  -0.48   0.24   0.23   0.37   0.29   0.44   1      0.32  -0.12 
  0.71   0.84   0.68   0.59   0.51   0.75   0.73  -0.48   0.74   0.64  -0.45   0.85   0.48   0.1    0.98   0.06   0.42  -0.1    0.58   0.75   0.38   0.83   0.85  -0.41   0.38   0.83  -0.4    0.75   0.75   0.85  -0.38   0.83   0.86   0.87   0.81   0.94   0.32   1     -0.19 
 -0.18  -0.1   -0.18  -0.15  -0.13  -0.09  -0.06   0.12  -0.08  -0.03   0.1   -0.13  -0.08  -0.18  -0.18  -0.01  -0.01   0.05  -0.17  -0.08  -0.01  -0.12  -0.12   0.08  -0.01  -0.12   0.03  -0.09  -0.09  -0.14   0.09  -0.12  -0.12  -0.2   -0.14  -0.19  -0.12  -0.19   1    


eigenvalue	proportion	cumulative
 20.69716	  0.5307 	  0.5307 	-0.211EDGE_COUNT-0.211NODE_COUNT-0.209HALSTEAD_LENGTH-0.209NUM_OPERATORS-0.208NUM_OPERANDS...
  4.65889	  0.11946	  0.65016	0.3  CYCLOMATIC_DENSITY+0.29 HALSTEAD_PROG_TIME+0.29 HALSTEAD_EFFORT+0.273NORMALIZED_CYLOMATIC_COMPLEXITY-0.27HALSTEAD_CONTENT...
  2.05024	  0.05257	  0.70273	0.383MAINTENANCE_SEVERITY+0.345DESIGN_DENSITY+0.313LOC_COMMENTS+0.3  LOC_BLANK+0.273LOC_CODE_AND_COMMENT...
  1.61559	  0.04143	  0.74415	0.418ESSENTIAL_COMPLEXITY+0.358ESSENTIAL_DENSITY+0.332NORMALIZED_CYLOMATIC_COMPLEXITY+0.283CYCLOMATIC_DENSITY-0.283PARAMETER_COUNT...
  1.19504	  0.03064	  0.77479	-0.671GLOBAL_DATA_DENSITY+0.35 PERCENT_COMMENTS-0.335PARAMETER_COUNT-0.194NUM_UNIQUE_OPERANDS-0.185DESIGN_DENSITY...
  1.16407	  0.02985	  0.80464	0.65 ESSENTIAL_DENSITY-0.348Defective=N+0.234PARAMETER_COUNT+0.232PERCENT_COMMENTS+0.231MAINTENANCE_SEVERITY...
  0.99428	  0.02549	  0.83014	0.57 Defective=N+0.331ESSENTIAL_COMPLEXITY+0.305LOC_COMMENTS+0.282GLOBAL_DATA_COMPLEXITY+0.251GLOBAL_DATA_DENSITY...
  0.90582	  0.02323	  0.85336	0.782PARAMETER_COUNT-0.331GLOBAL_DATA_DENSITY+0.238LOC_CODE_AND_COMMENT-0.193DESIGN_DENSITY+0.173NORMALIZED_CYLOMATIC_COMPLEXITY...
  0.85142	  0.02183	  0.87519	0.621Defective=N-0.261GLOBAL_DATA_DENSITY+0.253PARAMETER_COUNT+0.249MAINTENANCE_SEVERITY+0.233ESSENTIAL_DENSITY...
  0.71678	  0.01838	  0.89357	0.365ESSENTIAL_DENSITY-0.354HALSTEAD_LEVEL-0.314CALL_PAIRS-0.242HALSTEAD_CONTENT+0.237HALSTEAD_DIFFICULTY...
  0.60758	  0.01558	  0.90915	-0.625LOC_CODE_AND_COMMENT+0.559LOC_COMMENTS-0.218ESSENTIAL_DENSITY+0.169ESSENTIAL_COMPLEXITY+0.166PARAMETER_COUNT...
  0.52715	  0.01352	  0.92267	-0.451HALSTEAD_CONTENT-0.357GLOBAL_DATA_COMPLEXITY-0.269NORMALIZED_CYLOMATIC_COMPLEXITY+0.265MAINTENANCE_SEVERITY+0.25 DESIGN_DENSITY...
  0.4963 	  0.01273	  0.93539	-0.766HALSTEAD_LEVEL+0.329DESIGN_DENSITY+0.248CALL_PAIRS+0.22 CYCLOMATIC_DENSITY+0.208NORMALIZED_CYLOMATIC_COMPLEXITY...
  0.43469	  0.01115	  0.94654	0.494GLOBAL_DATA_COMPLEXITY+0.365ESSENTIAL_COMPLEXITY+0.301DESIGN_DENSITY-0.287GLOBAL_DATA_DENSITY-0.195HALSTEAD_LEVEL...
  0.34656	  0.00889	  0.95542	-0.52ESSENTIAL_COMPLEXITY+0.477GLOBAL_DATA_COMPLEXITY+0.266ESSENTIAL_DENSITY-0.25HALSTEAD_CONTENT+0.243CALL_PAIRS...

Eigenvectors
 V1	 V2	 V3	 V4	 V5	 V6	 V7	 V8	 V9	 V10	 V11	 V12	 V13	 V14	 V15	
-0.1484	-0.1858	 0.2997	-0.0066	 0.0328	 0.0386	 0.1424	-0.0341	-0.0402	 0.0991	 0.1075	-0.1188	-0.0198	 0.0081	-0.0769	LOC_BLANK
-0.2073	 0.0877	-0.0604	 0.0774	 0.0053	-0.0493	 0.012 	 0.0426	-0.0117	-0.0649	-0.0212	 0.1877	 0.0157	-0.0666	 0.0882	BRANCH_COUNT
-0.1333	-0.1969	-0.0784	 0.2354	-0.1752	-0.1353	-0.0953	-0.1631	 0.1199	-0.3141	 0.0661	-0.0426	 0.2478	-0.1312	 0.243 	CALL_PAIRS
-0.1   	-0.1793	 0.273 	 0.021 	 0.0395	-0.0552	 0.2452	 0.2384	-0.2237	-0.0157	-0.6252	 0.212 	 0.1099	 0.1097	 0.0547	LOC_CODE_AND_COMMENT
-0.1191	-0.1241	 0.3134	-0.0665	 0.108 	 0.1343	 0.3049	-0.0928	-0.1432	 0.0789	 0.5595	-0.062 	 0.0002	-0.0624	 0.0997	LOC_COMMENTS
-0.2031	 0.1154	-0.0971	 0.0322	 0.0651	 0.0158	 0.0243	 0.0041	-0.0115	-0.089 	 0.0792	 0.1364	 0.0363	-0.1714	 0.0426	CONDITION_COUNT
-0.1949	 0.1068	-0.107 	 0.0565	 0.0765	-0.0024	 0.109 	 0.0723	-0.0139	-0.1289	-0.145 	-0.0332	 0.0224	 0.0762	-0.1468	CYCLOMATIC_COMPLEXITY
 0.0988	 0.2996	 0.129 	 0.2833	-0.1164	-0.0973	 0.1955	 0.1478	-0.1821	 0.084 	 0.0359	-0.105 	 0.2199	-0.1046	 0.0262	CYCLOMATIC_DENSITY
-0.2027	 0.1222	-0.0924	 0.0158	 0.0707	 0.0137	 0.0183	 0.0003	-0.0119	-0.0869	 0.0713	 0.1134	 0.0387	-0.1772	 0.0507	DECISION_COUNT
-0.1869	 0.1646	-0.0666	-0.0011	 0.0652	 0.0262	 0.0559	-0.0093	 0.053 	-0.1601	-0.1186	-0.0978	 0.0993	 0.1259	-0.1466	DESIGN_COMPLEXITY
 0.1016	 0.1698	 0.3454	-0.1059	-0.1847	-0.0463	-0.1514	-0.1933	 0.2263	-0.1952	 0.0951	 0.25  	 0.3292	 0.3013	 0.1331	DESIGN_DENSITY
-0.2113	 0.0722	-0.0298	 0.0715	-0.0276	-0.0459	-0.0537	-0.0106	 0.033 	-0.0904	-0.0111	 0.0726	 0.0597	-0.0901	 0.0778	EDGE_COUNT
-0.1085	-0.0804	-0.1627	 0.4184	-0.0063	 0.1842	 0.3307	 0.0407	 0.1399	-0.1574	 0.1691	 0.1605	-0.0432	 0.3646	-0.5199	ESSENTIAL_COMPLEXITY
-0.0286	-0.0617	-0.089 	 0.3584	-0.0023	 0.6502	-0.0469	-0.1456	 0.2327	 0.3654	-0.2184	-0.0747	 0.021 	-0.1576	 0.2662	ESSENTIAL_DENSITY
-0.1996	-0.0844	 0.0193	 0.1107	-0.1331	-0.1528	-0.1037	 0.0312	 0.0462	 0.0837	 0.0619	 0.099 	-0.1231	 0.0621	 0.125 	LOC_EXECUTABLE
-0.0154	-0.0359	-0.1011	-0.2831	-0.335 	 0.2336	 0.0489	 0.7818	 0.2532	-0.0703	 0.1655	-0.0395	 0.0508	-0.0543	 0.0923	PARAMETER_COUNT
-0.1312	 0.1115	-0.1734	-0.1121	-0.1421	 0.1676	 0.2819	-0.1482	-0.1827	-0.2311	-0.0425	-0.3568	-0.0952	 0.4942	 0.4775	GLOBAL_DATA_COMPLEXITY
 0.0158	 0.0329	-0.0795	-0.2493	-0.6708	 0.1605	 0.2515	-0.3307	-0.2609	 0.0051	-0.1004	 0.2141	-0.0532	-0.2865	-0.2262	GLOBAL_DATA_DENSITY
-0.1156	-0.2699	 0.1942	-0.0378	-0.1016	 0.0406	-0.0226	-0.089 	 0.1888	-0.2419	-0.1003	-0.4513	 0.08  	-0.1919	-0.25  	HALSTEAD_CONTENT
-0.2004	 0.1017	-0.0017	-0.1231	 0.0445	 0.0255	-0.0196	-0.0103	-0.0615	 0.2371	 0.0705	 0.053 	-0.1161	 0.073 	-0.0196	HALSTEAD_DIFFICULTY
-0.1477	 0.2902	 0.0333	-0.2001	 0.1123	 0.1383	-0.074 	-0.0402	 0.0146	-0.0263	-0.0777	-0.1123	 0.0681	-0.0228	-0.0836	HALSTEAD_EFFORT
-0.2069	 0.094 	 0.1155	-0.041 	-0.0539	-0.0297	-0.085 	 0.0044	 0.0343	 0.1223	-0.0426	-0.0558	-0.0315	 0.0376	-0.0579	HALSTEAD_ERROR_EST
-0.2091	 0.0593	 0.1116	-0.0464	-0.0441	-0.0203	-0.065 	 0.0016	 0.0307	 0.1552	-0.0195	-0.0644	-0.0533	 0.0512	-0.0901	HALSTEAD_LENGTH
 0.0915	 0.2153	 0.2553	 0.156 	-0.0115	-0.0237	 0.0435	 0.0402	 0.1044	-0.3537	-0.0733	-0.0211	-0.7663	-0.1953	 0.1045	HALSTEAD_LEVEL
-0.1477	 0.2902	 0.0333	-0.2001	 0.1123	 0.1383	-0.074 	-0.0402	 0.0146	-0.0263	-0.0777	-0.1123	 0.0681	-0.0228	-0.0836	HALSTEAD_PROG_TIME
-0.2069	 0.0943	 0.1164	-0.0399	-0.0519	-0.0301	-0.0856	 0.0065	 0.0353	 0.1211	-0.0428	-0.0566	-0.0349	 0.038 	-0.0561	HALSTEAD_VOLUME
 0.0935	 0.1936	 0.3826	 0.1342	-0.1588	 0.2308	-0.0309	-0.0097	 0.2493	 0.003 	-0.0147	 0.2654	 0.0195	 0.1357	 0.0213	MAINTENANCE_SEVERITY
-0.2027	 0.1086	-0.1012	 0.0473	 0.0596	 0.0176	 0.0299	 0.0075	-0.0111	-0.0906	 0.0863	 0.1573	 0.0338	-0.1652	 0.035 	MODIFIED_CONDITION_COUNT
-0.2031	 0.1153	-0.0973	 0.0327	 0.0651	 0.016 	 0.0246	 0.0043	-0.0118	-0.0894	 0.0799	 0.1371	 0.036 	-0.1705	 0.0406	MULTIPLE_CONDITION_COUNT
-0.2109	 0.0689	-0.0265	 0.0675	-0.0294	-0.0363	-0.0663	-0.0293	 0.0462	-0.0986	 0.0085	 0.0385	 0.0718	-0.1057	 0.0635	NODE_COUNT
 0.082 	 0.273 	 0.1422	 0.3322	-0.0947	-0.157 	 0.1968	 0.1728	-0.2171	 0.1179	 0.0158	-0.2693	 0.2079	-0.1793	 0.0559	NORMALIZED_CYLOMATIC_COMPLEXITY
-0.2085	 0.0653	 0.1124	-0.0505	-0.0343	-0.0006	-0.0641	-0.0093	 0.0413	 0.128 	-0.0206	-0.1031	-0.0377	 0.0328	-0.1177	NUM_OPERANDS
-0.2085	 0.0546	 0.1105	-0.0432	-0.051 	-0.0346	-0.0654	 0.0095	 0.0228	 0.1742	-0.0186	-0.036 	-0.0644	 0.0643	-0.0696	NUM_OPERATORS
-0.1681	-0.2198	 0.0664	 0.0948	-0.194 	-0.1198	-0.0973	-0.009 	 0.1286	-0.0768	-0.0875	-0.2225	 0.0232	-0.0588	-0.0386	NUM_UNIQUE_OPERANDS
-0.1654	-0.1865	-0.1805	 0.002 	-0.1252	-0.1237	-0.0223	 0.0127	-0.0862	 0.1987	-0.002 	 0.1184	-0.1266	 0.0987	 0.1202	NUM_UNIQUE_OPERATORS
-0.1939	-0.1445	 0.1766	 0.0392	-0.0434	-0.0548	 0.0708	 0.0278	-0.0401	 0.0958	 0.14  	 0.0621	-0.0696	 0.0451	 0.1066	NUMBER_OF_LINES
-0.0689	-0.2395	 0.188 	-0.2066	 0.3503	 0.2315	 0.2035	 0.0197	-0.0648	-0.2246	-0.0927	 0.1906	 0.1133	-0.1944	 0.1116	PERCENT_COMMENTS
-0.1991	-0.1109	 0.0707	 0.1037	-0.112 	-0.1482	-0.0453	 0.0746	-0.0022	 0.0722	-0.0665	 0.1305	-0.0892	 0.0773	 0.1231	LOC_TOTAL
 0.0328	 0.0822	-0.1043	-0.1762	 0.0692	-0.3477	 0.5702	-0.1517	 0.6209	 0.2335	-0.1072	-0.0041	 0.0121	-0.1006	 0.1074	Defective=N

Ranked attributes:
 0.4693   1 -0.211EDGE_COUNT-0.211NODE_COUNT-0.209HALSTEAD_LENGTH-0.209NUM_OPERATORS-0.208NUM_OPERANDS...
 0.3498   2 0.3  CYCLOMATIC_DENSITY+0.29 HALSTEAD_PROG_TIME+0.29 HALSTEAD_EFFORT+0.273NORMALIZED_CYLOMATIC_COMPLEXITY-0.27HALSTEAD_CONTENT...
 0.2973   3 0.383MAINTENANCE_SEVERITY+0.345DESIGN_DENSITY+0.313LOC_COMMENTS+0.3  LOC_BLANK+0.273LOC_CODE_AND_COMMENT...
 0.2558   4 0.418ESSENTIAL_COMPLEXITY+0.358ESSENTIAL_DENSITY+0.332NORMALIZED_CYLOMATIC_COMPLEXITY+0.283CYCLOMATIC_DENSITY-0.283PARAMETER_COUNT...
 0.2252   5 -0.671GLOBAL_DATA_DENSITY+0.35 PERCENT_COMMENTS-0.335PARAMETER_COUNT-0.194NUM_UNIQUE_OPERANDS-0.185DESIGN_DENSITY...
 0.1954   6 0.65 ESSENTIAL_DENSITY-0.348Defective=N+0.234PARAMETER_COUNT+0.232PERCENT_COMMENTS+0.231MAINTENANCE_SEVERITY...
 0.1699   7 0.57 Defective=N+0.331ESSENTIAL_COMPLEXITY+0.305LOC_COMMENTS+0.282GLOBAL_DATA_COMPLEXITY+0.251GLOBAL_DATA_DENSITY...
 0.1466   8 0.782PARAMETER_COUNT-0.331GLOBAL_DATA_DENSITY+0.238LOC_CODE_AND_COMMENT-0.193DESIGN_DENSITY+0.173NORMALIZED_CYLOMATIC_COMPLEXITY...
 0.1248   9 0.621Defective=N-0.261GLOBAL_DATA_DENSITY+0.253PARAMETER_COUNT+0.249MAINTENANCE_SEVERITY+0.233ESSENTIAL_DENSITY...
 0.1064  10 0.365ESSENTIAL_DENSITY-0.354HALSTEAD_LEVEL-0.314CALL_PAIRS-0.242HALSTEAD_CONTENT+0.237HALSTEAD_DIFFICULTY...
 0.0908  11 -0.625LOC_CODE_AND_COMMENT+0.559LOC_COMMENTS-0.218ESSENTIAL_DENSITY+0.169ESSENTIAL_COMPLEXITY+0.166PARAMETER_COUNT...
 0.0773  12 -0.451HALSTEAD_CONTENT-0.357GLOBAL_DATA_COMPLEXITY-0.269NORMALIZED_CYLOMATIC_COMPLEXITY+0.265MAINTENANCE_SEVERITY+0.25 DESIGN_DENSITY...
 0.0646  13 -0.766HALSTEAD_LEVEL+0.329DESIGN_DENSITY+0.248CALL_PAIRS+0.22 CYCLOMATIC_DENSITY+0.208NORMALIZED_CYLOMATIC_COMPLEXITY...
 0.0535  14 0.494GLOBAL_DATA_COMPLEXITY+0.365ESSENTIAL_COMPLEXITY+0.301DESIGN_DENSITY-0.287GLOBAL_DATA_DENSITY-0.195HALSTEAD_LEVEL...
 0.0446  15 -0.52ESSENTIAL_COMPLEXITY+0.477GLOBAL_DATA_COMPLEXITY+0.266ESSENTIAL_DENSITY-0.25HALSTEAD_CONTENT+0.243CALL_PAIRS...

Selected attributes: 1,2,3,4,5,6,7,8,9,10,11,12,13,14,15 : 15

