=== Run information ===

Evaluator:    weka.attributeSelection.PrincipalComponents -R 0.95 -A 5
Search:       weka.attributeSelection.Ranker -T -1.7976931348623157E308 -N -1
Relation:     MC2
Instances:    125
Attributes:   40
              LOC_BLANK
              BRANCH_COUNT
              CALL_PAIRS
              LOC_CODE_AND_COMMENT
              LOC_COMMENTS
              CONDITION_COUNT
              CYCLOMATIC_COMPLEXITY
              CYCLOMATIC_DENSITY
              DECISION_COUNT
              DECISION_DENSITY
              DESIGN_COMPLEXITY
              DESIGN_DENSITY
              EDGE_COUNT
              ESSENTIAL_COMPLEXITY
              ESSENTIAL_DENSITY
              LOC_EXECUTABLE
              PARAMETER_COUNT
              GLOBAL_DATA_COMPLEXITY
              GLOBAL_DATA_DENSITY
              HALSTEAD_CONTENT
              HALSTEAD_DIFFICULTY
              HALSTEAD_EFFORT
              HALSTEAD_ERROR_EST
              HALSTEAD_LENGTH
              HALSTEAD_LEVEL
              HALSTEAD_PROG_TIME
              HALSTEAD_VOLUME
              MAINTENANCE_SEVERITY
              MODIFIED_CONDITION_COUNT
              MULTIPLE_CONDITION_COUNT
              NODE_COUNT
              NORMALIZED_CYLOMATIC_COMPLEXITY
              NUM_OPERANDS
              NUM_OPERATORS
              NUM_UNIQUE_OPERANDS
              NUM_UNIQUE_OPERATORS
              NUMBER_OF_LINES
              PERCENT_COMMENTS
              LOC_TOTAL
              Defective
Evaluation mode:    evaluate on all training data



=== Attribute Selection on all input data ===

Search Method:
	Attribute ranking.

Attribute Evaluator (unsupervised):
	Principal Components Attribute Transformer

Correlation matrix
  1      0.76   0.67   0.7    0.93   0.75   0.76  -0.27   0.74   0.31   0.5   -0.24   0.75   0.68   0.29   0.78  -0.34   0.76  -0.03   0.59   0.6    0.7    0.77   0.77  -0.32   0.7    0.77   0.04   0.76   0.75   0.74  -0.35   0.74   0.79   0.67   0.64   0.91   0.48   0.8   -0.34 
  0.76   1      0.6    0.5    0.83   0.99   1     -0.1    0.98   0.49   0.71  -0.29   0.98   0.95   0.48   0.94  -0.22   0.96  -0.02   0.52   0.77   0.89   0.9    0.89  -0.35   0.89   0.9    0.21   1      0.99   0.97  -0.09   0.87   0.9    0.69   0.72   0.92   0.21   0.93  -0.35 
  0.67   0.6    1      0.57   0.68   0.58   0.61  -0.24   0.58   0.27   0.73   0.14   0.65   0.5    0.27   0.59  -0.28   0.57  -0.1    0.62   0.34   0.44   0.57   0.56  -0.25   0.44   0.57   0.04   0.58   0.58   0.66  -0.25   0.54   0.56   0.66   0.55   0.67   0.32   0.61  -0.22 
  0.7    0.5    0.57   1      0.62   0.49   0.5   -0.32   0.48   0.19   0.43  -0.11   0.51   0.41   0.06   0.55  -0.29   0.46  -0.09   0.7    0.35   0.46   0.64   0.63  -0.26   0.46   0.64  -0.14   0.49   0.49   0.51  -0.32   0.63   0.62   0.71   0.47   0.66   0.43   0.61  -0.17 
  0.93   0.83   0.68   0.62   1      0.84   0.83  -0.23   0.83   0.31   0.57  -0.26   0.85   0.75   0.32   0.84  -0.28   0.81  -0.05   0.58   0.7    0.8    0.85   0.84  -0.33   0.8    0.85   0.07   0.83   0.83   0.85  -0.33   0.82   0.86   0.68   0.66   0.95   0.52   0.85  -0.36 
  0.75   0.99   0.58   0.49   0.84   1      0.98  -0.11   0.99   0.43   0.68  -0.3    0.98   0.94   0.47   0.93  -0.21   0.93  -0.04   0.52   0.78   0.91   0.91   0.9   -0.36   0.91   0.91   0.2    1      1      0.98  -0.09   0.88   0.91   0.68   0.69   0.91   0.21   0.93  -0.35 
  0.76   1      0.61   0.5    0.83   0.98   1     -0.11   0.96   0.5    0.72  -0.29   0.98   0.94   0.48   0.94  -0.22   0.96  -0.02   0.53   0.76   0.88   0.89   0.89  -0.36   0.88   0.89   0.19   0.98   0.98   0.96  -0.09   0.86   0.9    0.7    0.74   0.92   0.2    0.94  -0.35 
 -0.27  -0.1   -0.24  -0.32  -0.23  -0.11  -0.11   1     -0.12   0.02  -0.11  -0.02  -0.15  -0.08  -0.06  -0.29   0.24  -0.1   -0.05  -0.48  -0.25  -0.15  -0.28  -0.3    0.5   -0.15  -0.28   0.09  -0.1   -0.11  -0.16   0.91  -0.3   -0.3   -0.41  -0.4   -0.29  -0.35  -0.3    0.05 
  0.74   0.98   0.58   0.48   0.83   0.99   0.96  -0.12   1      0.37   0.68  -0.3    0.98   0.91   0.46   0.93  -0.19   0.91  -0.05   0.52   0.78   0.9    0.91   0.9   -0.36   0.9    0.91   0.17   0.98   0.99   0.98  -0.1    0.89   0.91   0.68   0.69   0.91   0.22   0.92  -0.36 
  0.31   0.49   0.27   0.19   0.31   0.43   0.5    0.02   0.37   1      0.44  -0.11   0.42   0.53   0.57   0.4   -0.19   0.48   0.04   0.18   0.35   0.31   0.34   0.35  -0.25   0.31   0.34   0.39   0.47   0.43   0.39   0.1    0.32   0.36   0.29   0.45   0.38   0      0.4   -0.17 
  0.5    0.71   0.73   0.43   0.57   0.68   0.72  -0.11   0.68   0.44   1      0.21   0.72   0.7    0.45   0.68  -0.22   0.71   0.02   0.42   0.47   0.52   0.59   0.58  -0.28   0.52   0.59   0.23   0.67   0.68   0.71  -0.06   0.56   0.58   0.56   0.65   0.65   0.12   0.68  -0.3  
 -0.24  -0.29   0.14  -0.11  -0.26  -0.3   -0.29  -0.02  -0.3   -0.11   0.21   1     -0.27  -0.2   -0.07  -0.25   0     -0.24   0.08  -0.16  -0.37  -0.26  -0.28  -0.3    0.31  -0.26  -0.28   0.19  -0.29  -0.3   -0.26  -0.01  -0.3   -0.29  -0.23  -0.3   -0.26  -0.17  -0.25   0.12 
  0.75   0.98   0.65   0.51   0.85   0.98   0.98  -0.15   0.98   0.42   0.72  -0.27   1      0.91   0.46   0.95  -0.21   0.93  -0.04   0.58   0.78   0.91   0.92   0.92  -0.37   0.91   0.93   0.16   0.98   0.98   1     -0.13   0.91   0.93   0.73   0.73   0.93   0.23   0.95  -0.37 
  0.68   0.95   0.5    0.41   0.75   0.94   0.94  -0.08   0.91   0.53   0.7   -0.2    0.91   1      0.61   0.9   -0.24   0.93   0.03   0.43   0.73   0.88   0.84   0.84  -0.28   0.88   0.84   0.44   0.95   0.94   0.9   -0.05   0.8    0.86   0.58   0.64   0.85   0.12   0.89  -0.34 
  0.29   0.48   0.27   0.06   0.32   0.47   0.48  -0.06   0.46   0.57   0.45  -0.07   0.46   0.61   1      0.42  -0.17   0.46  -0.04   0.17   0.44   0.37   0.37   0.38  -0.29   0.37   0.37   0.81   0.48   0.47   0.44  -0      0.35   0.39   0.27   0.5    0.38   0.01   0.41  -0.33 
  0.78   0.94   0.59   0.55   0.84   0.93   0.94  -0.29   0.93   0.4    0.68  -0.25   0.95   0.9    0.42   1     -0.29   0.92   0.01   0.64   0.79   0.91   0.95   0.96  -0.39   0.91   0.95   0.14   0.93   0.93   0.95  -0.27   0.93   0.97   0.78   0.76   0.96   0.24   1     -0.32 
 -0.34  -0.22  -0.28  -0.29  -0.28  -0.21  -0.22   0.24  -0.19  -0.19  -0.22   0     -0.21  -0.24  -0.17  -0.29   1     -0.21   0.13  -0.35  -0.12  -0.2   -0.27  -0.26  -0.04  -0.2   -0.27  -0.11  -0.21  -0.21  -0.21   0.28  -0.24  -0.28  -0.34  -0.29  -0.32  -0.25  -0.3   -0.14 
  0.76   0.96   0.57   0.46   0.81   0.93   0.96  -0.1    0.91   0.48   0.71  -0.24   0.93   0.93   0.46   0.92  -0.21   1      0.18   0.48   0.72   0.86   0.85   0.85  -0.33   0.86   0.85   0.22   0.94   0.93   0.91  -0.08   0.81   0.87   0.64   0.69   0.9    0.16   0.91  -0.32 
 -0.03  -0.02  -0.1   -0.09  -0.05  -0.04  -0.02  -0.05  -0.05   0.04   0.02   0.08  -0.04   0.03  -0.04   0.01   0.13   0.18   1     -0.11  -0.01   0.01  -0.03  -0.04  -0.13   0.01  -0.03   0.1   -0.03  -0.04  -0.05   0     -0.06  -0.02  -0.1   -0.07  -0.02  -0.21   0      0.06 
  0.59   0.52   0.62   0.7    0.58   0.52   0.53  -0.48   0.52   0.18   0.42  -0.16   0.58   0.43   0.17   0.64  -0.35   0.48  -0.11   1      0.34   0.47   0.72   0.71  -0.33   0.47   0.72  -0.1    0.51   0.52   0.59  -0.48   0.72   0.69   0.95   0.57   0.66   0.38   0.67  -0.1  
  0.6    0.77   0.34   0.35   0.7    0.78   0.76  -0.25   0.78   0.35   0.47  -0.37   0.78   0.73   0.44   0.79  -0.12   0.72  -0.01   0.34   1      0.8    0.78   0.82  -0.52   0.8    0.78   0.11   0.77   0.78   0.78  -0.21   0.81   0.82   0.51   0.73   0.76   0.23   0.78  -0.41 
  0.7    0.89   0.44   0.46   0.8    0.91   0.88  -0.15   0.9    0.31   0.52  -0.26   0.91   0.88   0.37   0.91  -0.2    0.86   0.01   0.47   0.8    1      0.93   0.93  -0.28   1      0.93   0.2    0.9    0.91   0.91  -0.16   0.91   0.94   0.61   0.58   0.88   0.19   0.91  -0.34 
  0.77   0.9    0.57   0.64   0.85   0.91   0.89  -0.28   0.91   0.34   0.59  -0.28   0.92   0.84   0.37   0.95  -0.27   0.85  -0.03   0.72   0.78   0.93   1      1     -0.38   0.93   1      0.1    0.9    0.91   0.93  -0.27   0.99   0.99   0.84   0.71   0.94   0.28   0.96  -0.32 
  0.77   0.89   0.56   0.63   0.84   0.9    0.89  -0.3    0.9    0.35   0.58  -0.3    0.92   0.84   0.38   0.96  -0.26   0.85  -0.04   0.71   0.82   0.93   1      1     -0.41   0.93   1      0.09   0.9    0.9    0.93  -0.29   0.99   1      0.82   0.73   0.94   0.29   0.96  -0.33 
 -0.32  -0.35  -0.25  -0.26  -0.33  -0.36  -0.36   0.5   -0.36  -0.25  -0.28   0.31  -0.37  -0.28  -0.29  -0.39  -0.04  -0.33  -0.13  -0.33  -0.52  -0.28  -0.38  -0.41   1     -0.28  -0.38   0.09  -0.35  -0.36  -0.37   0.37  -0.42  -0.41  -0.42  -0.66  -0.38  -0.21  -0.39   0.26 
  0.7    0.89   0.44   0.46   0.8    0.91   0.88  -0.15   0.9    0.31   0.52  -0.26   0.91   0.88   0.37   0.91  -0.2    0.86   0.01   0.47   0.8    1      0.93   0.93  -0.28   1      0.93   0.2    0.9    0.91   0.91  -0.16   0.91   0.94   0.61   0.58   0.88   0.19   0.91  -0.34 
  0.77   0.9    0.57   0.64   0.85   0.91   0.89  -0.28   0.91   0.34   0.59  -0.28   0.93   0.84   0.37   0.95  -0.27   0.85  -0.03   0.72   0.78   0.93   1      1     -0.38   0.93   1      0.1    0.9    0.91   0.93  -0.27   0.99   0.99   0.84   0.71   0.94   0.28   0.96  -0.32 
  0.04   0.21   0.04  -0.14   0.07   0.2    0.19   0.09   0.17   0.39   0.23   0.19   0.16   0.44   0.81   0.14  -0.11   0.22   0.1   -0.1    0.11   0.2    0.1    0.09   0.09   0.2    0.1    1      0.22   0.2    0.15   0.1    0.06   0.12  -0.06   0.05   0.1   -0.16   0.12  -0.18 
  0.76   1      0.58   0.49   0.83   1      0.98  -0.1    0.98   0.47   0.67  -0.29   0.98   0.95   0.48   0.93  -0.21   0.94  -0.03   0.51   0.77   0.9    0.9    0.9   -0.35   0.9    0.9    0.22   1      1      0.97  -0.09   0.87   0.91   0.67   0.69   0.91   0.21   0.92  -0.35 
  0.75   0.99   0.58   0.49   0.83   1      0.98  -0.11   0.99   0.43   0.68  -0.3    0.98   0.94   0.47   0.93  -0.21   0.93  -0.04   0.52   0.78   0.91   0.91   0.9   -0.36   0.91   0.91   0.2    1      1      0.98  -0.09   0.88   0.91   0.68   0.69   0.91   0.21   0.93  -0.35 
  0.74   0.97   0.66   0.51   0.85   0.98   0.96  -0.16   0.98   0.39   0.71  -0.26   1      0.9    0.44   0.95  -0.21   0.91  -0.05   0.59   0.78   0.91   0.93   0.93  -0.37   0.91   0.93   0.15   0.97   0.98   1     -0.15   0.91   0.93   0.74   0.72   0.93   0.24   0.95  -0.37 
 -0.35  -0.09  -0.25  -0.32  -0.33  -0.09  -0.09   0.91  -0.1    0.1   -0.06  -0.01  -0.13  -0.05  -0     -0.27   0.28  -0.08   0     -0.48  -0.21  -0.16  -0.27  -0.29   0.37  -0.16  -0.27   0.1   -0.09  -0.09  -0.15   1     -0.29  -0.29  -0.39  -0.33  -0.32  -0.62  -0.28   0.1  
  0.74   0.87   0.54   0.63   0.82   0.88   0.86  -0.3    0.89   0.32   0.56  -0.3    0.91   0.8    0.35   0.93  -0.24   0.81  -0.06   0.72   0.81   0.91   0.99   0.99  -0.42   0.91   0.99   0.06   0.87   0.88   0.91  -0.29   1      0.98   0.84   0.71   0.91   0.29   0.94  -0.33 
  0.79   0.9    0.56   0.62   0.86   0.91   0.9   -0.3    0.91   0.36   0.58  -0.29   0.93   0.86   0.39   0.97  -0.28   0.87  -0.02   0.69   0.82   0.94   0.99   1     -0.41   0.94   0.99   0.12   0.91   0.91   0.93  -0.29   0.98   1      0.8    0.73   0.95   0.28   0.97  -0.33 
  0.67   0.69   0.66   0.71   0.68   0.68   0.7   -0.41   0.68   0.29   0.56  -0.23   0.73   0.58   0.27   0.78  -0.34   0.64  -0.1    0.95   0.51   0.61   0.84   0.82  -0.42   0.61   0.84  -0.06   0.67   0.68   0.74  -0.39   0.84   0.8    1      0.74   0.78   0.34   0.8   -0.21 
  0.64   0.72   0.55   0.47   0.66   0.69   0.74  -0.4    0.69   0.45   0.65  -0.3    0.73   0.64   0.5    0.76  -0.29   0.69  -0.07   0.57   0.73   0.58   0.71   0.73  -0.66   0.58   0.71   0.05   0.69   0.69   0.72  -0.33   0.71   0.73   0.74   1      0.75   0.28   0.76  -0.38 
  0.91   0.92   0.67   0.66   0.95   0.91   0.92  -0.29   0.91   0.38   0.65  -0.26   0.93   0.85   0.38   0.96  -0.32   0.9   -0.02   0.66   0.76   0.88   0.94   0.94  -0.38   0.88   0.94   0.1    0.91   0.91   0.93  -0.32   0.91   0.95   0.78   0.75   1      0.39   0.97  -0.35 
  0.48   0.21   0.32   0.43   0.52   0.21   0.2   -0.35   0.22   0      0.12  -0.17   0.23   0.12   0.01   0.24  -0.25   0.16  -0.21   0.38   0.23   0.19   0.28   0.29  -0.21   0.19   0.28  -0.16   0.21   0.21   0.24  -0.62   0.29   0.28   0.34   0.28   0.39   1      0.27  -0.2  
  0.8    0.93   0.61   0.61   0.85   0.93   0.94  -0.3    0.92   0.4    0.68  -0.25   0.95   0.89   0.41   1     -0.3    0.91   0      0.67   0.78   0.91   0.96   0.96  -0.39   0.91   0.96   0.12   0.92   0.93   0.95  -0.28   0.94   0.97   0.8    0.76   0.97   0.27   1     -0.32 
 -0.34  -0.35  -0.22  -0.17  -0.36  -0.35  -0.35   0.05  -0.36  -0.17  -0.3    0.12  -0.37  -0.34  -0.33  -0.32  -0.14  -0.32   0.06  -0.1   -0.41  -0.34  -0.32  -0.33   0.26  -0.34  -0.32  -0.18  -0.35  -0.35  -0.37   0.1   -0.33  -0.33  -0.21  -0.38  -0.35  -0.2   -0.32   1    


eigenvalue	proportion	cumulative
 24.5807 	  0.61452	  0.61452	-0.198LOC_TOTAL-0.197LOC_EXECUTABLE-0.197EDGE_COUNT-0.196NUMBER_OF_LINES-0.196NUM_OPERATORS...
  3.45793	  0.08645	  0.70097	0.418NORMALIZED_CYLOMATIC_COMPLEXITY+0.38 CYCLOMATIC_DENSITY-0.315PERCENT_COMMENTS+0.295MAINTENANCE_SEVERITY-0.279HALSTEAD_CONTENT...
  1.98209	  0.04955	  0.75052	0.451MAINTENANCE_SEVERITY+0.448ESSENTIAL_DENSITY+0.322DESIGN_DENSITY+0.301DECISION_DENSITY+0.251DESIGN_COMPLEXITY...
  1.73924	  0.04348	  0.794  	-0.475HALSTEAD_LEVEL-0.38DESIGN_DENSITY-0.316CALL_PAIRS+0.281HALSTEAD_DIFFICULTY+0.26 PARAMETER_COUNT...
  1.28123	  0.03203	  0.82603	0.664GLOBAL_DATA_DENSITY-0.389PERCENT_COMMENTS+0.318DESIGN_DENSITY+0.269Defective=N-0.219CYCLOMATIC_DENSITY...
  1.19705	  0.02993	  0.85596	0.46 PARAMETER_COUNT-0.373Defective=N+0.338DESIGN_COMPLEXITY+0.335CALL_PAIRS-0.304MAINTENANCE_SEVERITY...
  1.13354	  0.02834	  0.88429	-0.382Defective=N-0.362DECISION_DENSITY+0.339DESIGN_DENSITY+0.287PERCENT_COMMENTS-0.265NORMALIZED_CYLOMATIC_COMPLEXITY...
  0.9104 	  0.02276	  0.90705	0.521GLOBAL_DATA_DENSITY+0.328PERCENT_COMMENTS+0.31 LOC_BLANK+0.261DECISION_DENSITY-0.246DESIGN_DENSITY...
  0.74899	  0.01872	  0.92578	-0.396LOC_CODE_AND_COMMENT-0.323HALSTEAD_CONTENT+0.311Defective=N-0.274GLOBAL_DATA_DENSITY-0.27MAINTENANCE_SEVERITY...
  0.5404 	  0.01351	  0.93929	0.573PARAMETER_COUNT+0.546Defective=N+0.271PERCENT_COMMENTS-0.217NUM_UNIQUE_OPERATORS-0.176HALSTEAD_DIFFICULTY...
  0.48959	  0.01224	  0.95153	-0.651DECISION_DENSITY-0.325DESIGN_DENSITY-0.269LOC_CODE_AND_COMMENT+0.21 CALL_PAIRS-0.2PARAMETER_COUNT...

Eigenvectors
 V1	 V2	 V3	 V4	 V5	 V6	 V7	 V8	 V9	 V10	 V11	
-0.167 	-0.1148	-0.0018	-0.0861	-0.1194	 0.046 	 0.1301	 0.3097	-0.1107	-0.0407	 0.0046	LOC_BLANK
-0.1943	 0.1067	-0.031 	-0.0227	-0.015 	 0.034 	-0.0248	 0.0578	 0.089 	 0.0776	 0.0164	BRANCH_COUNT
-0.1317	-0.1124	 0.1858	-0.3156	 0.0043	 0.3349	 0.0093	 0.0283	 0.0773	 0.1194	 0.2104	CALL_PAIRS
-0.1237	-0.2383	-0.0192	-0.2122	-0.0279	 0.1073	-0.0716	 0.0748	-0.3959	-0.0738	-0.2691	LOC_CODE_AND_COMMENT
-0.1799	-0.0749	-0.0368	-0.0588	-0.1214	 0.0441	 0.1847	 0.2369	-0.0185	 0.0645	 0.0099	LOC_COMMENTS
-0.1939	 0.1027	-0.0582	-0.0106	-0.0209	 0.0144	 0.0136	 0.0158	 0.0937	 0.1013	 0.0542	CONDITION_COUNT
-0.1937	 0.1027	-0.023 	-0.0258	-0.0104	 0.051 	-0.0448	 0.0673	 0.0922	 0.0573	 0.0158	CYCLOMATIC_COMPLEXITY
 0.0542	 0.3798	-0.2437	-0.2412	-0.2185	 0.1408	-0.0828	 0.1415	-0.1677	-0.0603	 0.0852	CYCLOMATIC_DENSITY
-0.1926	 0.0906	-0.0754	-0.0045	-0.0212	 0.0243	 0.029 	-0.0245	 0.1118	 0.1012	 0.1069	DECISION_COUNT
-0.0883	 0.179 	 0.3013	 0.0469	-0.1037	 0.0335	-0.3619	 0.2607	-0.1268	 0.0103	-0.6514	DECISION_DENSITY
-0.1404	 0.0778	 0.2509	-0.2134	 0.1198	 0.3378	-0.0234	-0.0427	 0.2184	-0.0768	 0.0158	DESIGN_COMPLEXITY
 0.0563	 0.015 	 0.3216	-0.3804	 0.3181	 0.1326	 0.3393	-0.2461	 0.1484	-0.0829	-0.3251	DESIGN_DENSITY
-0.1967	 0.0696	-0.0424	-0.0293	 0.0034	 0.0561	 0.0061	-0.0274	 0.0882	 0.0687	 0.0774	EDGE_COUNT
-0.1833	 0.1786	 0.0724	-0.0098	 0.0138	-0.0978	 0.0453	 0.0318	 0.0261	 0.0547	-0.0129	ESSENTIAL_COMPLEXITY
-0.0948	 0.2212	 0.4481	 0.1621	-0.1848	-0.1157	-0.0601	-0.1006	-0.1416	 0.1455	 0.1936	ESSENTIAL_DENSITY
-0.1969	 0.0049	-0.0204	 0.0003	 0.0809	-0.0536	-0.0016	-0.033 	 0.0552	-0.0413	-0.0027	LOC_EXECUTABLE
 0.0579	 0.1404	-0.2104	 0.26  	 0.1369	 0.4597	 0.1963	-0.2359	-0.2648	 0.5725	-0.1998	PARAMETER_COUNT
-0.1862	 0.1185	-0.0056	-0.0172	 0.1182	 0.0373	 0.0117	 0.1935	 0.0422	 0.0084	 0.0512	GLOBAL_DATA_COMPLEXITY
 0.006 	 0.075 	 0.0478	 0.1652	 0.6642	 0.0145	 0.0989	 0.5207	-0.2743	-0.1038	 0.1961	GLOBAL_DATA_DENSITY
-0.1338	-0.2793	 0.0497	-0.1483	 0.0607	-0.0259	-0.2345	-0.1862	-0.3231	 0.125 	 0.1821	HALSTEAD_CONTENT
-0.1633	 0.0421	-0.0554	 0.2806	-0.0347	-0.0239	 0.0493	-0.0576	 0.1807	-0.1757	-0.1948	HALSTEAD_DIFFICULTY
-0.1845	 0.0783	-0.1311	 0.0275	 0.0602	-0.1679	 0.1609	-0.0752	 0.0038	-0.0613	-0.1135	HALSTEAD_EFFORT
-0.195 	-0.0383	-0.0835	-0.0104	 0.0557	-0.0928	-0.0076	-0.1162	-0.1126	-0.0396	-0.0515	HALSTEAD_ERROR_EST
-0.1951	-0.0418	-0.0794	 0.0235	 0.0484	-0.0925	-0.0038	-0.1178	-0.0847	-0.0428	-0.0806	HALSTEAD_LENGTH
 0.087 	 0.143 	-0.1231	-0.4754	-0.1106	-0.2724	 0.2329	-0.0093	-0.128 	-0.0643	-0.0098	HALSTEAD_LEVEL
-0.1845	 0.0783	-0.1311	 0.0275	 0.0602	-0.1679	 0.1609	-0.0752	 0.0038	-0.0613	-0.1135	HALSTEAD_PROG_TIME
-0.195 	-0.0384	-0.0834	-0.0105	 0.0557	-0.0929	-0.0071	-0.1165	-0.1118	-0.0386	-0.0524	HALSTEAD_VOLUME
-0.0333	 0.2949	 0.451 	 0.029 	-0.0595	-0.304 	 0.184 	-0.0872	-0.2696	 0.1718	 0.137 	MAINTENANCE_SEVERITY
-0.1935	 0.1111	-0.0447	-0.0152	-0.0205	 0.0069	 0.0019	 0.0462	 0.0793	 0.1006	 0.014 	MODIFIED_CONDITION_COUNT
-0.1939	 0.1036	-0.0581	-0.0096	-0.02  	 0.0127	 0.0145	 0.0148	 0.0953	 0.0991	 0.053 	MULTIPLE_CONDITION_COUNT
-0.1958	 0.0579	-0.0484	-0.0302	 0.0079	 0.0573	 0.0229	-0.0586	 0.086 	 0.0718	 0.0972	NODE_COUNT
 0.0523	 0.4181	-0.2092	-0.1804	-0.0622	 0.1746	-0.2646	-0.0016	-0.121 	-0.1284	 0.0295	NORMALIZED_CYLOMATIC_COMPLEXITY
-0.1914	-0.0552	-0.0963	 0.0289	 0.0435	-0.0763	-0.0241	-0.1647	-0.1068	-0.0372	-0.0821	NUM_OPERANDS
-0.1961	-0.032 	-0.0668	 0.0194	 0.0514	-0.1032	 0.0106	-0.0835	-0.0684	-0.0464	-0.0788	NUM_OPERATORS
-0.1617	-0.2042	 0.0332	-0.0989	 0.0431	 0.0401	-0.2646	-0.166 	-0.2351	 0.0143	 0.1613	NUM_UNIQUE_OPERANDS
-0.1586	-0.0836	 0.162 	 0.1849	-0.0591	 0.1732	-0.2475	-0.0209	 0.1714	-0.2174	 0.0901	NUM_UNIQUE_OPERATORS
-0.1965	-0.0517	-0.0183	-0.0425	-0.0087	-0.003 	 0.0669	 0.1066	-0.012 	-0.0194	-0.0081	NUMBER_OF_LINES
-0.0632	-0.3148	 0.0527	 0.0128	-0.3888	 0.0213	 0.2865	 0.3281	 0.0274	 0.2713	-0.074 	PERCENT_COMMENTS
-0.1977	-0.0158	-0.021 	-0.0179	 0.0745	-0.0417	-0.0077	-0.0249	 0.0185	-0.0455	-0.0256	LOC_TOTAL
 0.0762	-0.0567	-0.0834	-0.2431	 0.2688	-0.3727	-0.3817	 0.1409	 0.3106	 0.5456	-0.1091	Defective=N

Ranked attributes:
 0.3855   1 -0.198LOC_TOTAL-0.197LOC_EXECUTABLE-0.197EDGE_COUNT-0.196NUMBER_OF_LINES-0.196NUM_OPERATORS...
 0.299    2 0.418NORMALIZED_CYLOMATIC_COMPLEXITY+0.38 CYCLOMATIC_DENSITY-0.315PERCENT_COMMENTS+0.295MAINTENANCE_SEVERITY-0.279HALSTEAD_CONTENT...
 0.2495   3 0.451MAINTENANCE_SEVERITY+0.448ESSENTIAL_DENSITY+0.322DESIGN_DENSITY+0.301DECISION_DENSITY+0.251DESIGN_COMPLEXITY...
 0.206    4 -0.475HALSTEAD_LEVEL-0.38DESIGN_DENSITY-0.316CALL_PAIRS+0.281HALSTEAD_DIFFICULTY+0.26 PARAMETER_COUNT...
 0.174    5 0.664GLOBAL_DATA_DENSITY-0.389PERCENT_COMMENTS+0.318DESIGN_DENSITY+0.269Defective=N-0.219CYCLOMATIC_DENSITY...
 0.144    6 0.46 PARAMETER_COUNT-0.373Defective=N+0.338DESIGN_COMPLEXITY+0.335CALL_PAIRS-0.304MAINTENANCE_SEVERITY...
 0.1157   7 -0.382Defective=N-0.362DECISION_DENSITY+0.339DESIGN_DENSITY+0.287PERCENT_COMMENTS-0.265NORMALIZED_CYLOMATIC_COMPLEXITY...
 0.0929   8 0.521GLOBAL_DATA_DENSITY+0.328PERCENT_COMMENTS+0.31 LOC_BLANK+0.261DECISION_DENSITY-0.246DESIGN_DENSITY...
 0.0742   9 -0.396LOC_CODE_AND_COMMENT-0.323HALSTEAD_CONTENT+0.311Defective=N-0.274GLOBAL_DATA_DENSITY-0.27MAINTENANCE_SEVERITY...
 0.0607  10 0.573PARAMETER_COUNT+0.546Defective=N+0.271PERCENT_COMMENTS-0.217NUM_UNIQUE_OPERATORS-0.176HALSTEAD_DIFFICULTY...
 0.0485  11 -0.651DECISION_DENSITY-0.325DESIGN_DENSITY-0.269LOC_CODE_AND_COMMENT+0.21 CALL_PAIRS-0.2PARAMETER_COUNT...

Selected attributes: 1,2,3,4,5,6,7,8,9,10,11 : 11

