=== Run information ===

Evaluator:    weka.attributeSelection.PrincipalComponents -R 0.95 -A 5
Search:       weka.attributeSelection.Ranker -T -1.7976931348623157E308 -N -1
Relation:     PC1
Instances:    735
Attributes:   38
              LOC_BLANK
              BRANCH_COUNT
              CALL_PAIRS
              LOC_CODE_AND_COMMENT
              LOC_COMMENTS
              CONDITION_COUNT
              CYCLOMATIC_COMPLEXITY
              CYCLOMATIC_DENSITY
              DECISION_COUNT
              DECISION_DENSITY
              DESIGN_COMPLEXITY
              DESIGN_DENSITY
              EDGE_COUNT
              ESSENTIAL_COMPLEXITY
              ESSENTIAL_DENSITY
              LOC_EXECUTABLE
              PARAMETER_COUNT
              HALSTEAD_CONTENT
              HALSTEAD_DIFFICULTY
              HALSTEAD_EFFORT
              HALSTEAD_ERROR_EST
              HALSTEAD_LENGTH
              HALSTEAD_LEVEL
              HALSTEAD_PROG_TIME
              HALSTEAD_VOLUME
              MAINTENANCE_SEVERITY
              MODIFIED_CONDITION_COUNT
              MULTIPLE_CONDITION_COUNT
              NODE_COUNT
              NORMALIZED_CYLOMATIC_COMPLEXITY
              NUM_OPERANDS
              NUM_OPERATORS
              NUM_UNIQUE_OPERANDS
              NUM_UNIQUE_OPERATORS
              NUMBER_OF_LINES
              PERCENT_COMMENTS
              LOC_TOTAL
              Defective
Evaluation mode:    evaluate on all training data



=== Attribute Selection on all input data ===

Search Method:
	Attribute ranking.

Attribute Evaluator (unsupervised):
	Principal Components Attribute Transformer

Correlation matrix
  1      0.57   0.41   0.34   0.54   0.53   0.59  -0.3    0.52   0.09   0.56  -0.05   0.57   0.55   0.05   0.73   0      0.6    0.39   0.43   0.66   0.65  -0.29   0.43   0.66  -0.12   0.53   0.53   0.57  -0.38   0.64   0.65   0.72   0.61   0.85   0.34   0.73  -0.3  
  0.57   1      0.5    0.44   0.37   0.98   0.99   0.07   0.97   0.07   0.85  -0.16   0.98   0.79   0.19   0.88   0.06   0.66   0.65   0.62   0.87   0.87  -0.39   0.62   0.87  -0.03   0.98   0.98   0.97   0.09   0.87   0.87   0.84   0.73   0.81   0.07   0.88  -0.18 
  0.41   0.5    1      0.25   0.35   0.46   0.51  -0.2    0.46  -0.02   0.58   0.28   0.55   0.35   0.08   0.53  -0.05   0.58   0.34   0.27   0.48   0.5   -0.28   0.27   0.48  -0.11   0.46   0.46   0.56  -0.2    0.5    0.5    0.56   0.55   0.54   0.18   0.53  -0.14 
  0.34   0.44   0.25   1      0.52   0.43   0.44  -0.15   0.42   0.01   0.34  -0.1    0.43   0.2   -0.01   0.46  -0.12   0.4    0.34   0.27   0.47   0.48  -0.21   0.27   0.47  -0.14   0.43   0.43   0.42  -0.15   0.47   0.48   0.44   0.39   0.52   0.37   0.54  -0.26 
  0.54   0.37   0.35   0.52   1      0.34   0.38  -0.31   0.32   0.03   0.3   -0.12   0.37   0.24   0.01   0.57  -0.01   0.54   0.31   0.23   0.48   0.5   -0.26   0.23   0.48  -0.14   0.35   0.34   0.36  -0.38   0.49   0.49   0.53   0.46   0.7    0.63   0.59  -0.31 
  0.53   0.98   0.46   0.43   0.34   1      0.95   0.08   1      0.02   0.79  -0.16   0.97   0.75   0.17   0.82   0.04   0.65   0.59   0.55   0.82   0.83  -0.37   0.55   0.82  -0.03   1      1      0.96   0.11   0.83   0.82   0.79   0.65   0.75   0.07   0.83  -0.16 
  0.59   0.99   0.51   0.44   0.38   0.95   1      0.07   0.94   0.06   0.88  -0.14   0.98   0.79   0.17   0.9    0.06   0.65   0.67   0.68   0.9    0.89  -0.38   0.68   0.9   -0.05   0.95   0.95   0.96   0.09   0.88   0.89   0.85   0.76   0.82   0.06   0.9   -0.19 
 -0.3    0.07  -0.2   -0.15  -0.31   0.08   0.07   1      0.07   0.2   -0     -0.21   0.02   0.12   0.32  -0.21  -0.02  -0.38  -0.01  -0.02  -0.15  -0.17   0.08  -0.02  -0.15   0.27   0.09   0.08   0.01   0.93  -0.18  -0.16  -0.25  -0.15  -0.28  -0.36  -0.22   0.21 
  0.52   0.97   0.46   0.42   0.32   1      0.94   0.07   1     -0.03   0.8   -0.14   0.97   0.73   0.14   0.82   0.04   0.65   0.59   0.56   0.82   0.82  -0.37   0.56   0.82  -0.06   0.98   0.99   0.97   0.1    0.83   0.82   0.79   0.65   0.74   0.06   0.82  -0.16 
  0.09   0.07  -0.02   0.01   0.03   0.02   0.06   0.2   -0.03   1     -0.02  -0.24   0.01   0.17   0.5    0.01  -0     -0.01   0.03  -0.02  -0     -0     -0.08  -0.02  -0      0.44   0.07   0.03  -0.01   0.09  -0.01   0      0.01   0.07   0.04   0.08   0.01   0    
  0.56   0.85   0.58   0.34   0.3    0.79   0.88  -0      0.8   -0.02   1      0.18   0.87   0.78   0.11   0.84   0.03   0.61   0.51   0.69   0.85   0.8   -0.26   0.69   0.85  -0.04   0.78   0.79   0.86   0.02   0.78   0.81   0.85   0.7    0.75   0.01   0.83  -0.18 
 -0.05  -0.16   0.28  -0.1   -0.12  -0.16  -0.14  -0.21  -0.14  -0.24   0.18   1     -0.1   -0.1   -0.22  -0.07  -0.13   0.02  -0.24  -0.01  -0.07  -0.09   0.29  -0.01  -0.07  -0.07  -0.18  -0.16  -0.08  -0.2   -0.1   -0.09  -0.01  -0.13  -0.09  -0.1   -0.08  -0.02 
  0.57   0.98   0.55   0.43   0.37   0.97   0.98   0.02   0.97   0.01   0.87  -0.1    1      0.75   0.13   0.89   0.04   0.67   0.68   0.69   0.9    0.9   -0.38   0.69   0.9   -0.08   0.96   0.96   1      0.06   0.9    0.9    0.85   0.74   0.81   0.07   0.88  -0.18 
  0.55   0.79   0.35   0.2    0.24   0.75   0.79   0.12   0.73   0.17   0.78  -0.1    0.75   1      0.43   0.73   0.11   0.46   0.4    0.49   0.69   0.64  -0.27   0.49   0.69   0.33   0.77   0.75   0.74   0.12   0.61   0.65   0.73   0.62   0.66  -0      0.72  -0.13 
  0.05   0.19   0.08  -0.01   0.01   0.17   0.17   0.32   0.14   0.5    0.11  -0.22   0.13   0.43   1      0.08   0.09   0.01   0.12   0.02   0.06   0.06  -0.23   0.02   0.06   0.88   0.2    0.18   0.12   0.29   0.05   0.07   0.07   0.2    0.07  -0.04   0.08   0.01 
  0.73   0.88   0.53   0.46   0.57   0.82   0.9   -0.21   0.82   0.01   0.84  -0.07   0.89   0.73   0.08   1      0.05   0.77   0.62   0.66   0.94   0.92  -0.39   0.66   0.94  -0.12   0.82   0.82   0.87  -0.19   0.91   0.93   0.95   0.8    0.95   0.17   1     -0.29 
  0      0.06  -0.05  -0.12  -0.01   0.04   0.06  -0.02   0.04  -0      0.03  -0.13   0.04   0.11   0.09   0.05   1     -0.01   0.11   0.06   0.04   0.04  -0.12   0.06   0.04   0.07   0.05   0.04   0.04   0.04   0.03   0.04   0.02   0.1    0.02  -0.12   0.04   0.09 
  0.6    0.66   0.58   0.4    0.54   0.65   0.65  -0.38   0.65  -0.01   0.61   0.02   0.67   0.46   0.01   0.77  -0.01   1      0.36   0.38   0.74   0.76  -0.32   0.38   0.74  -0.18   0.65   0.65   0.67  -0.36   0.77   0.75   0.86   0.55   0.78   0.3    0.77  -0.33 
  0.39   0.65   0.34   0.34   0.31   0.59   0.67  -0.01   0.59   0.03   0.51  -0.24   0.68   0.4    0.12   0.62   0.11   0.36   1      0.75   0.73   0.78  -0.57   0.75   0.73  -0.11   0.59   0.59   0.67   0.04   0.77   0.78   0.53   0.78   0.57   0.08   0.62  -0.1  
  0.43   0.62   0.27   0.27   0.23   0.55   0.68  -0.02   0.56  -0.02   0.69  -0.01   0.69   0.49   0.02   0.66   0.06   0.38   0.75   1      0.82   0.79  -0.19   1      0.82  -0.08   0.54   0.55   0.69  -0      0.77   0.81   0.62   0.6    0.58   0.02   0.65  -0.13 
  0.66   0.87   0.48   0.47   0.48   0.82   0.9   -0.15   0.82  -0      0.85  -0.07   0.9    0.69   0.06   0.94   0.04   0.74   0.73   0.82   1      0.99  -0.36   0.82   1     -0.12   0.82   0.82   0.9   -0.12   0.98   0.99   0.93   0.78   0.88   0.14   0.94  -0.26 
  0.65   0.87   0.5    0.48   0.5    0.83   0.89  -0.17   0.82  -0      0.8   -0.09   0.9    0.64   0.06   0.92   0.04   0.76   0.78   0.79   0.99   1     -0.42   0.79   0.99  -0.14   0.82   0.82   0.9   -0.14   1      1      0.91   0.79   0.87   0.16   0.92  -0.26 
 -0.29  -0.39  -0.28  -0.21  -0.26  -0.37  -0.38   0.08  -0.37  -0.08  -0.26   0.29  -0.38  -0.27  -0.23  -0.39  -0.12  -0.32  -0.57  -0.19  -0.36  -0.42   1     -0.19  -0.36   0.06  -0.38  -0.38  -0.38   0.03  -0.42  -0.41  -0.37  -0.63  -0.39  -0.11  -0.39   0.11 
  0.43   0.62   0.27   0.27   0.23   0.55   0.68  -0.02   0.56  -0.02   0.69  -0.01   0.69   0.49   0.02   0.66   0.06   0.38   0.75   1      0.82   0.79  -0.19   1      0.82  -0.08   0.54   0.55   0.69  -0      0.77   0.81   0.62   0.6    0.58   0.02   0.65  -0.13 
  0.66   0.87   0.48   0.47   0.48   0.82   0.9   -0.15   0.82  -0      0.85  -0.07   0.9    0.69   0.06   0.94   0.04   0.74   0.73   0.82   1      0.99  -0.36   0.82   1     -0.12   0.82   0.82   0.9   -0.12   0.98   0.99   0.93   0.78   0.88   0.14   0.94  -0.26 
 -0.12  -0.03  -0.11  -0.14  -0.14  -0.03  -0.05   0.27  -0.06   0.44  -0.04  -0.07  -0.08   0.33   0.88  -0.12   0.07  -0.18  -0.11  -0.08  -0.12  -0.14   0.06  -0.08  -0.12   1     -0.01  -0.03  -0.09   0.24  -0.16  -0.13  -0.12  -0.07  -0.14  -0.12  -0.13   0.08 
  0.53   0.98   0.46   0.43   0.35   1      0.95   0.09   0.98   0.07   0.78  -0.18   0.96   0.77   0.2    0.82   0.05   0.65   0.59   0.54   0.82   0.82  -0.38   0.54   0.82  -0.01   1      1      0.95   0.11   0.83   0.81   0.79   0.66   0.76   0.08   0.83  -0.17 
  0.53   0.98   0.46   0.43   0.34   1      0.95   0.08   0.99   0.03   0.79  -0.16   0.96   0.75   0.18   0.82   0.04   0.65   0.59   0.55   0.82   0.82  -0.38   0.55   0.82  -0.03   1      1      0.96   0.1    0.83   0.82   0.79   0.65   0.75   0.07   0.82  -0.17 
  0.57   0.97   0.56   0.42   0.36   0.96   0.96   0.01   0.97  -0.01   0.86  -0.08   1      0.74   0.12   0.87   0.04   0.67   0.67   0.69   0.9    0.9   -0.38   0.69   0.9   -0.09   0.95   0.96   1      0.05   0.9    0.89   0.84   0.72   0.8    0.07   0.87  -0.17 
 -0.38   0.09  -0.2   -0.15  -0.38   0.11   0.09   0.93   0.1    0.09   0.02  -0.2    0.06   0.12   0.29  -0.19   0.04  -0.36   0.04  -0     -0.12  -0.14   0.03  -0     -0.12   0.24   0.11   0.1    0.05   1     -0.14  -0.13  -0.23  -0.13  -0.31  -0.53  -0.19   0.23 
  0.64   0.87   0.5    0.47   0.49   0.83   0.88  -0.18   0.83  -0.01   0.78  -0.1    0.9    0.61   0.05   0.91   0.03   0.77   0.77   0.77   0.98   1     -0.42   0.77   0.98  -0.16   0.83   0.83   0.9   -0.14   1      0.99   0.9    0.77   0.86   0.17   0.91  -0.26 
  0.65   0.87   0.5    0.48   0.49   0.82   0.89  -0.16   0.82   0      0.81  -0.09   0.9    0.65   0.07   0.93   0.04   0.75   0.78   0.81   0.99   1     -0.41   0.81   0.99  -0.13   0.81   0.82   0.89  -0.13   0.99   1      0.91   0.8    0.88   0.16   0.93  -0.26 
  0.72   0.84   0.56   0.44   0.53   0.79   0.85  -0.25   0.79   0.01   0.85  -0.01   0.85   0.73   0.07   0.95   0.02   0.86   0.53   0.62   0.93   0.91  -0.37   0.62   0.93  -0.12   0.79   0.79   0.84  -0.23   0.9    0.91   1      0.78   0.91   0.21   0.94  -0.32 
  0.61   0.73   0.55   0.39   0.46   0.65   0.76  -0.15   0.65   0.07   0.7   -0.13   0.74   0.62   0.2    0.8    0.1    0.55   0.78   0.6    0.78   0.79  -0.63   0.6    0.78  -0.07   0.66   0.65   0.72  -0.13   0.77   0.8    0.78   1      0.78   0.18   0.8   -0.23 
  0.85   0.81   0.54   0.52   0.7    0.75   0.82  -0.28   0.74   0.04   0.75  -0.09   0.81   0.66   0.07   0.95   0.02   0.78   0.57   0.58   0.88   0.87  -0.39   0.58   0.88  -0.14   0.76   0.75   0.8   -0.31   0.86   0.88   0.91   0.78   1      0.34   0.96  -0.35 
  0.34   0.07   0.18   0.37   0.63   0.07   0.06  -0.36   0.06   0.08   0.01  -0.1    0.07  -0     -0.04   0.17  -0.12   0.3    0.08   0.02   0.14   0.16  -0.11   0.02   0.14  -0.12   0.08   0.07   0.07  -0.53   0.17   0.16   0.21   0.18   0.34   1      0.2   -0.2  
  0.73   0.88   0.53   0.54   0.59   0.83   0.9   -0.22   0.82   0.01   0.83  -0.08   0.88   0.72   0.08   1      0.04   0.77   0.62   0.65   0.94   0.92  -0.39   0.65   0.94  -0.13   0.83   0.82   0.87  -0.19   0.91   0.93   0.94   0.8    0.96   0.2    1     -0.3  
 -0.3   -0.18  -0.14  -0.26  -0.31  -0.16  -0.19   0.21  -0.16   0     -0.18  -0.02  -0.18  -0.13   0.01  -0.29   0.09  -0.33  -0.1   -0.13  -0.26  -0.26   0.11  -0.13  -0.26   0.08  -0.17  -0.17  -0.17   0.23  -0.26  -0.26  -0.32  -0.23  -0.35  -0.2   -0.3    1    


eigenvalue	proportion	cumulative
 21.00051	  0.55264	  0.55264	-0.211HALSTEAD_VOLUME-0.211HALSTEAD_ERROR_EST-0.211NUM_OPERATORS-0.211HALSTEAD_LENGTH-0.21LOC_TOTAL...
  3.80441	  0.10012	  0.65276	0.439NORMALIZED_CYLOMATIC_COMPLEXITY+0.422CYCLOMATIC_DENSITY+0.292ESSENTIAL_DENSITY-0.287PERCENT_COMMENTS+0.279MAINTENANCE_SEVERITY...
  2.31346	  0.06088	  0.71364	0.456ESSENTIAL_DENSITY+0.407DECISION_DENSITY+0.401MAINTENANCE_SEVERITY+0.297PERCENT_COMMENTS+0.254LOC_COMMENTS...
  1.67328	  0.04403	  0.75768	-0.429HALSTEAD_DIFFICULTY+0.386DESIGN_DENSITY+0.295HALSTEAD_LEVEL-0.295HALSTEAD_PROG_TIME-0.295HALSTEAD_EFFORT...
  1.52075	  0.04002	  0.79769	0.428DESIGN_DENSITY+0.345MAINTENANCE_SEVERITY+0.282HALSTEAD_PROG_TIME+0.282HALSTEAD_EFFORT-0.269LOC_CODE_AND_COMMENT...
  1.20805	  0.03179	  0.82949	-0.569PARAMETER_COUNT+0.413HALSTEAD_LEVEL+0.311LOC_CODE_AND_COMMENT+0.23 CYCLOMATIC_DENSITY+0.22 HALSTEAD_PROG_TIME...
  1.00049	  0.02633	  0.85581	-0.492CALL_PAIRS+0.482PARAMETER_COUNT+0.428HALSTEAD_LEVEL-0.283DESIGN_DENSITY-0.249NUM_UNIQUE_OPERATORS...
  0.86651	  0.0228 	  0.87862	0.853Defective=N+0.341PERCENT_COMMENTS+0.187HALSTEAD_LEVEL-0.123NORMALIZED_CYLOMATIC_COMPLEXITY+0.121CALL_PAIRS...
  0.76365	  0.0201 	  0.89871	0.532PARAMETER_COUNT+0.391LOC_CODE_AND_COMMENT+0.337LOC_COMMENTS+0.287DESIGN_DENSITY-0.286DECISION_DENSITY...
  0.67154	  0.01767	  0.91639	-0.403LOC_BLANK-0.368DECISION_DENSITY-0.367CYCLOMATIC_DENSITY+0.346MAINTENANCE_SEVERITY+0.283LOC_CODE_AND_COMMENT...
  0.603  	  0.01587	  0.93225	0.664DECISION_DENSITY+0.289PARAMETER_COUNT-0.28ESSENTIAL_COMPLEXITY-0.28LOC_BLANK+0.207HALSTEAD_CONTENT...
  0.53465	  0.01407	  0.94632	0.549PERCENT_COMMENTS-0.516LOC_CODE_AND_COMMENT-0.32Defective=N-0.199LOC_TOTAL-0.155LOC_EXECUTABLE...
  0.47993	  0.01263	  0.95895	0.488HALSTEAD_CONTENT-0.369LOC_CODE_AND_COMMENT+0.295LOC_COMMENTS-0.252LOC_BLANK-0.213ESSENTIAL_COMPLEXITY...

Eigenvectors
 V1	 V2	 V3	 V4	 V5	 V6	 V7	 V8	 V9	 V10	 V11	 V12	 V13	
-0.1518	-0.1574	 0.1533	 0.03  	 0.0756	-0.0113	 0.132 	-0.0454	-0.1349	-0.4031	-0.2796	-0.0204	-0.2516	LOC_BLANK
-0.2067	 0.1138	-0.0136	 0.0947	-0.1097	-0.0223	 0.0296	 0.0302	-0.0172	 0.0255	 0.0461	 0.0645	-0.0853	BRANCH_COUNT
-0.1225	-0.0956	 0.0235	 0.2481	 0.1123	-0.2085	-0.4922	 0.1215	 0.1834	-0.176 	 0.1795	 0.1424	 0.2079	CALL_PAIRS
-0.1086	-0.1238	 0.1069	-0.024 	-0.2693	 0.3113	-0.0913	 0.0916	 0.3908	 0.2832	 0.181 	-0.5162	-0.3689	LOC_CODE_AND_COMMENT
-0.1121	-0.2454	 0.254 	-0.0588	-0.1486	 0.131 	 0.0324	 0.1125	 0.3368	-0.1932	-0.1701	-0.0414	 0.2946	LOC_COMMENTS
-0.1983	 0.1218	-0.0217	 0.1437	-0.1752	-0.0361	 0.0511	 0.0469	-0.0462	 0.1203	 0.048 	 0.1199	-0.0598	CONDITION_COUNT
-0.2087	 0.1026	-0.0326	 0.0617	-0.0619	-0.0061	 0.0187	 0.0173	 0.0046	-0.0327	 0.0237	 0.0353	-0.0905	CYCLOMATIC_COMPLEXITY
 0.0254	 0.4221	-0.0504	 0.0023	-0.1785	 0.2297	-0.1015	-0.0586	 0.2271	-0.3669	-0.0712	 0.0495	 0.1343	CYCLOMATIC_DENSITY
-0.1971	 0.1137	-0.0529	 0.148 	-0.176 	-0.0426	 0.0461	 0.0465	-0.0393	 0.1403	 0.0173	 0.1367	-0.0534	DECISION_COUNT
-0.0059	 0.1528	 0.4071	-0.084 	 0.1238	 0.1574	-0.0314	 0.1117	-0.2861	-0.3683	 0.6637	-0.0345	-0.191 	DECISION_DENSITY
-0.1899	 0.0575	-0.0997	 0.1715	 0.1707	 0.0039	-0.0511	 0.003 	 0.1004	-0.1221	-0.0474	-0.0113	-0.1589	DESIGN_COMPLEXITY
 0.0219	-0.1327	-0.2183	 0.3857	 0.4277	-0.0008	-0.2826	 0.0386	 0.2869	 0.0075	 0.082 	-0.0074	-0.2006	DESIGN_DENSITY
-0.2095	 0.0873	-0.0654	 0.079 	-0.0621	-0.0193	-0.0115	 0.0527	-0.0153	 0.0469	 0.0453	 0.1101	-0.0421	EDGE_COUNT
-0.1637	 0.1805	 0.1355	 0.1622	 0.1452	-0.0553	 0.1683	-0.0308	-0.0259	-0.0637	-0.2801	 0.043 	-0.2126	ESSENTIAL_COMPLEXITY
-0.0277	 0.2925	 0.4556	 0.0043	 0.2178	-0.0194	-0.1135	-0.0161	 0.0785	 0.2247	-0.1096	-0.0219	 0.1487	ESSENTIAL_DENSITY
-0.2093	-0.0538	 0.0235	 0.0355	 0.0359	-0.0269	 0.082 	-0.0519	-0.024 	-0.0977	-0.0835	-0.1552	 0.0247	LOC_EXECUTABLE
-0.0102	 0.0722	 0.0159	-0.2012	 0.0805	-0.5692	 0.4819	 0.0199	 0.5317	-0.0784	 0.2889	 0.0488	-0.0304	PARAMETER_COUNT
-0.1665	-0.1691	 0.0762	 0.1711	-0.02  	-0.0927	 0.0201	-0.0464	-0.1237	 0.0625	 0.2074	-0.1249	 0.4879	HALSTEAD_CONTENT
-0.1576	 0.0515	-0.0695	-0.4294	 0.0104	-0.0384	-0.2449	 0.0348	 0.0288	 0.091 	 0.0158	 0.1145	-0.0292	HALSTEAD_DIFFICULTY
-0.1599	 0.0392	-0.1974	-0.2945	 0.2819	 0.2205	 0.0347	 0.0676	 0.0392	 0.0252	 0.0077	 0.139 	-0.0199	HALSTEAD_EFFORT
-0.2114	-0.0212	-0.0614	-0.0714	 0.0908	 0.0746	 0.0539	-0.0155	-0.0272	 0.0135	 0.0092	-0.0875	 0.0978	HALSTEAD_ERROR_EST
-0.211 	-0.0328	-0.0509	-0.1055	 0.05  	 0.039 	-0.001 	-0.0022	-0.0399	 0.0559	 0.0629	-0.0602	 0.1535	HALSTEAD_LENGTH
 0.0958	-0.0147	-0.1596	 0.2946	 0.1896	 0.4133	 0.4284	 0.1874	 0.1026	-0.0647	 0.1123	 0.0574	 0.1357	HALSTEAD_LEVEL
-0.1599	 0.0392	-0.1974	-0.2945	 0.2819	 0.2205	 0.0347	 0.0676	 0.0392	 0.0252	 0.0077	 0.139 	-0.0199	HALSTEAD_PROG_TIME
-0.2114	-0.0211	-0.0614	-0.0713	 0.0911	 0.0746	 0.0537	-0.0155	-0.0273	 0.0134	 0.0097	-0.0875	 0.0978	HALSTEAD_VOLUME
 0.0211	 0.2793	 0.4009	 0.0721	 0.3448	 0.0614	 0.0487	 0.0437	 0.0755	 0.346 	-0.1503	-0.0347	 0.0819	MAINTENANCE_SEVERITY
-0.1978	 0.1281	 0.0064	 0.1388	-0.1732	-0.03  	 0.0553	 0.047 	-0.0519	 0.1016	 0.0751	 0.1038	-0.065 	MODIFIED_CONDITION_COUNT
-0.198 	 0.1214	-0.0182	 0.1433	-0.1777	-0.0349	 0.0523	 0.0438	-0.0457	 0.1191	 0.0519	 0.122 	-0.058 	MULTIPLE_CONDITION_COUNT
-0.2078	 0.0821	-0.075 	 0.0836	-0.0619	-0.0228	-0.0196	 0.0624	-0.0207	 0.0678	 0.0509	 0.1328	-0.0248	NODE_COUNT
 0.0215	 0.4391	-0.1284	-0.0101	-0.1722	 0.1325	-0.1105	-0.1233	 0.2276	-0.2337	-0.0527	-0.1088	 0.1979	NORMALIZED_CYLOMATIC_COMPLEXITY
-0.2092	-0.0365	-0.051 	-0.0971	 0.024 	 0.0278	-0.0041	 0.002 	-0.0614	 0.0721	 0.0847	-0.0484	 0.1839	NUM_OPERANDS
-0.2113	-0.0298	-0.0506	-0.1113	 0.0695	 0.0473	 0.0014	-0.0053	-0.0234	 0.0433	 0.046 	-0.0688	 0.1296	NUM_OPERATORS
-0.2041	-0.0795	 0.032 	 0.0935	 0.0705	-0.0313	 0.0628	-0.0774	-0.0609	-0.0731	-0.0304	-0.1461	 0.1232	NUM_UNIQUE_OPERANDS
-0.18  	-0.0196	 0.0817	-0.1839	 0.0527	-0.1733	-0.2494	-0.0806	 0.0483	-0.116 	-0.1384	-0.0337	-0.1837	NUM_UNIQUE_OPERATORS
-0.1997	-0.1285	 0.114 	 0.0243	 0.0027	 0.0113	 0.0772	-0.0335	 0.0106	-0.1832	-0.1259	-0.097 	-0.0157	NUMBER_OF_LINES
-0.0397	-0.2871	 0.2969	-0.0554	-0.1688	 0.196 	-0.0149	 0.3415	 0.1742	 0.0045	-0.0864	 0.5486	-0.0217	PERCENT_COMMENTS
-0.2097	-0.0634	 0.033 	 0.0314	 0.0073	 0.0054	 0.0688	-0.0402	 0.0161	-0.0646	-0.0614	-0.1988	-0.0132	LOC_TOTAL
 0.0588	 0.1609	-0.1274	-0.048 	 0.002 	-0.2129	-0.0305	 0.8526	-0.1588	-0.0851	-0.1796	-0.3203	 0.0521	Defective=N

Ranked attributes:
 0.4474   1 -0.211HALSTEAD_VOLUME-0.211HALSTEAD_ERROR_EST-0.211NUM_OPERATORS-0.211HALSTEAD_LENGTH-0.21LOC_TOTAL...
 0.3472   2 0.439NORMALIZED_CYLOMATIC_COMPLEXITY+0.422CYCLOMATIC_DENSITY+0.292ESSENTIAL_DENSITY-0.287PERCENT_COMMENTS+0.279MAINTENANCE_SEVERITY...
 0.2864   3 0.456ESSENTIAL_DENSITY+0.407DECISION_DENSITY+0.401MAINTENANCE_SEVERITY+0.297PERCENT_COMMENTS+0.254LOC_COMMENTS...
 0.2423   4 -0.429HALSTEAD_DIFFICULTY+0.386DESIGN_DENSITY+0.295HALSTEAD_LEVEL-0.295HALSTEAD_PROG_TIME-0.295HALSTEAD_EFFORT...
 0.2023   5 0.428DESIGN_DENSITY+0.345MAINTENANCE_SEVERITY+0.282HALSTEAD_PROG_TIME+0.282HALSTEAD_EFFORT-0.269LOC_CODE_AND_COMMENT...
 0.1705   6 -0.569PARAMETER_COUNT+0.413HALSTEAD_LEVEL+0.311LOC_CODE_AND_COMMENT+0.23 CYCLOMATIC_DENSITY+0.22 HALSTEAD_PROG_TIME...
 0.1442   7 -0.492CALL_PAIRS+0.482PARAMETER_COUNT+0.428HALSTEAD_LEVEL-0.283DESIGN_DENSITY-0.249NUM_UNIQUE_OPERATORS...
 0.1214   8 0.853Defective=N+0.341PERCENT_COMMENTS+0.187HALSTEAD_LEVEL-0.123NORMALIZED_CYLOMATIC_COMPLEXITY+0.121CALL_PAIRS...
 0.1013   9 0.532PARAMETER_COUNT+0.391LOC_CODE_AND_COMMENT+0.337LOC_COMMENTS+0.287DESIGN_DENSITY-0.286DECISION_DENSITY...
 0.0836  10 -0.403LOC_BLANK-0.368DECISION_DENSITY-0.367CYCLOMATIC_DENSITY+0.346MAINTENANCE_SEVERITY+0.283LOC_CODE_AND_COMMENT...
 0.0677  11 0.664DECISION_DENSITY+0.289PARAMETER_COUNT-0.28ESSENTIAL_COMPLEXITY-0.28LOC_BLANK+0.207HALSTEAD_CONTENT...
 0.0537  12 0.549PERCENT_COMMENTS-0.516LOC_CODE_AND_COMMENT-0.32Defective=N-0.199LOC_TOTAL-0.155LOC_EXECUTABLE...
 0.041   13 0.488HALSTEAD_CONTENT-0.369LOC_CODE_AND_COMMENT+0.295LOC_COMMENTS-0.252LOC_BLANK-0.213ESSENTIAL_COMPLEXITY...

Selected attributes: 1,2,3,4,5,6,7,8,9,10,11,12,13 : 13

