=== Run information ===

Evaluator:    weka.attributeSelection.PrincipalComponents -R 0.95 -A 5
Search:       weka.attributeSelection.Ranker -T -1.7976931348623157E308 -N -1
Relation:     PC2
Instances:    1493
Attributes:   37
              BRANCH_COUNT
              CALL_PAIRS
              LOC_CODE_AND_COMMENT
              LOC_COMMENTS
              CONDITION_COUNT
              CYCLOMATIC_COMPLEXITY
              CYCLOMATIC_DENSITY
              DECISION_COUNT
              DECISION_DENSITY
              DESIGN_COMPLEXITY
              DESIGN_DENSITY
              EDGE_COUNT
              ESSENTIAL_COMPLEXITY
              ESSENTIAL_DENSITY
              LOC_EXECUTABLE
              PARAMETER_COUNT
              HALSTEAD_CONTENT
              HALSTEAD_DIFFICULTY
              HALSTEAD_EFFORT
              HALSTEAD_ERROR_EST
              HALSTEAD_LENGTH
              HALSTEAD_LEVEL
              HALSTEAD_PROG_TIME
              HALSTEAD_VOLUME
              MAINTENANCE_SEVERITY
              MODIFIED_CONDITION_COUNT
              MULTIPLE_CONDITION_COUNT
              NODE_COUNT
              NORMALIZED_CYLOMATIC_COMPLEXITY
              NUM_OPERANDS
              NUM_OPERATORS
              NUM_UNIQUE_OPERANDS
              NUM_UNIQUE_OPERATORS
              NUMBER_OF_LINES
              PERCENT_COMMENTS
              LOC_TOTAL
              Defective
Evaluation mode:    evaluate on all training data



=== Attribute Selection on all input data ===

Search Method:
	Attribute ranking.

Attribute Evaluator (unsupervised):
	Principal Components Attribute Transformer

Correlation matrix
  1      0.76   0.94   0.51   0.99   1     -0.18   0.98   0.08   0.95  -0.08   0.98   0.88   0.04   0.91   0.05   0.55   0.48   0.86   0.84   0.81  -0.31   0.86   0.84  -0.07   0.99   0.99   0.96  -0.11   0.81   0.8    0.78   0.52   0.9    0.26   0.94  -0.1  
  0.76   1      0.82   0.58   0.74   0.76  -0.34   0.74  -0.02   0.81   0.17   0.84   0.58   0.04   0.7    0.05   0.67   0.4    0.65   0.76   0.75  -0.36   0.65   0.76  -0.14   0.74   0.74   0.85  -0.27   0.74   0.74   0.81   0.56   0.81   0.37   0.81  -0.11 
  0.94   0.82   1      0.62   0.92   0.94  -0.31   0.91   0.02   0.9   -0.06   0.97   0.79   0.01   0.9    0.06   0.73   0.51   0.9    0.95   0.93  -0.33   0.9    0.95  -0.1    0.92   0.92   0.96  -0.28   0.92   0.92   0.9    0.54   0.97   0.32   1     -0.15 
  0.51   0.58   0.62   1      0.49   0.52  -0.27   0.48   0      0.5   -0.08   0.54   0.35  -0.04   0.49  -0.11   0.53   0.32   0.53   0.58   0.59  -0.21   0.53   0.58  -0.15   0.49   0.49   0.54  -0.41   0.57   0.6    0.59   0.36   0.78   0.36   0.61  -0.12 
  0.99   0.74   0.92   0.49   1      0.98  -0.16   1      0.04   0.94  -0.07   0.97   0.89   0.02   0.92   0.05   0.54   0.43   0.84   0.83   0.79  -0.27   0.84   0.83  -0.05   1      1      0.96  -0.1    0.79   0.78   0.76   0.46   0.88   0.22   0.93  -0.1  
  1      0.76   0.94   0.52   0.98   1     -0.18   0.96   0.08   0.96  -0.08   0.97   0.86   0.04   0.89   0.05   0.55   0.49   0.86   0.84   0.81  -0.31   0.86   0.84  -0.07   0.98   0.98   0.95  -0.11   0.8    0.8    0.77   0.54   0.9    0.27   0.94  -0.1  
 -0.18  -0.34  -0.31  -0.27  -0.16  -0.18   1     -0.17   0.21  -0.19  -0.15  -0.23  -0.1   -0.03  -0.27  -0.19  -0.32  -0.41  -0.18  -0.27  -0.33   0.46  -0.18  -0.27   0.13  -0.16  -0.16  -0.24   0.86  -0.33  -0.32  -0.35  -0.5   -0.33  -0.68  -0.31   0.1  
  0.98   0.74   0.91   0.48   1      0.96  -0.17   1     -0.01   0.94  -0.06   0.96   0.88   0      0.92   0.04   0.54   0.42   0.84   0.82   0.78  -0.26   0.84   0.82  -0.07   0.98   1      0.95  -0.11   0.78   0.77   0.75   0.45   0.87   0.21   0.93  -0.08 
  0.08  -0.02   0.02   0      0.04   0.08   0.21  -0.01   1      0.02  -0.18   0.02   0.14   0.47  -0.02   0.1    0.01   0.03   0.03   0.03   0.03  -0.04   0.03   0.03   0.31   0.1    0.05   0.01   0.23   0.03   0.03   0.03   0.03   0.01  -0.02   0.01  -0.06 
  0.95   0.81   0.9    0.5    0.94   0.96  -0.19   0.94   0.02   1      0.14   0.95   0.83   0.04   0.87   0.03   0.53   0.42   0.82   0.8    0.76  -0.27   0.82   0.8   -0.05   0.93   0.94   0.93  -0.11   0.76   0.76   0.75   0.51   0.86   0.24   0.91  -0.07 
 -0.08   0.17  -0.06  -0.08  -0.07  -0.08  -0.15  -0.06  -0.18   0.14   1     -0.04  -0.04   0     -0.04  -0.08  -0.01  -0.16  -0.08  -0.07  -0.1    0.15  -0.08  -0.07   0.13  -0.09  -0.07  -0.02  -0.1   -0.1   -0.09  -0.04  -0.02  -0.08  -0     -0.06   0.08 
  0.98   0.84   0.97   0.54   0.97   0.97  -0.23   0.96   0.02   0.95  -0.04   1      0.84   0.02   0.9    0.05   0.67   0.49   0.86   0.9    0.87  -0.34   0.86   0.9   -0.11   0.97   0.97   1     -0.16   0.87   0.87   0.86   0.54   0.92   0.29   0.97  -0.11 
  0.88   0.58   0.79   0.35   0.89   0.86  -0.1    0.88   0.14   0.83  -0.04   0.84   1      0.21   0.87   0.08   0.41   0.3    0.73   0.68   0.63  -0.18   0.73   0.68   0.24   0.89   0.89   0.82  -0.04   0.64   0.62   0.6    0.32   0.74   0.13   0.81  -0.05 
  0.04   0.04   0.01  -0.04   0.02   0.04  -0.03   0      0.47   0.04   0      0.02   0.21   1      0.01   0.19   0      0.08  -0      0      0.02  -0.16  -0      0      0.65   0.04   0.02   0.01   0.07   0.02   0.02   0.02   0.13   0      0.14   0.01  -0.01 
  0.91   0.7    0.9    0.49   0.92   0.89  -0.27   0.92  -0.02   0.87  -0.04   0.9    0.87   0.01   1      0.04   0.52   0.39   0.8    0.78   0.74  -0.26   0.8    0.78  -0.05   0.9    0.92   0.89  -0.24   0.74   0.73   0.72   0.44   0.87   0.18   0.92  -0.1  
  0.05   0.05   0.06  -0.11   0.05   0.05  -0.19   0.04   0.1    0.03  -0.08   0.05   0.08   0.19   0.04   1      0.06   0.22   0.03   0.06   0.1   -0.25   0.03   0.06   0.13   0.06   0.05   0.05  -0.18   0.12   0.08   0.1    0.21   0.03   0.09   0.05  -0.06 
  0.55   0.67   0.73   0.53   0.54   0.55  -0.32   0.54   0.01   0.53  -0.01   0.67   0.41   0      0.52   0.06   1      0.26   0.6    0.85   0.83  -0.22   0.6    0.85  -0.12   0.55   0.54   0.7   -0.33   0.82   0.84   0.92   0.33   0.72   0.33   0.71  -0.14 
  0.48   0.4    0.51   0.32   0.43   0.49  -0.41   0.42   0.03   0.42  -0.16   0.49   0.3    0.08   0.39   0.22   0.26   1      0.59   0.52   0.62  -0.7    0.59   0.52  -0.23   0.45   0.43   0.49  -0.3    0.62   0.62   0.44   0.77   0.5    0.46   0.5   -0.11 
  0.86   0.65   0.9    0.53   0.84   0.86  -0.18   0.84   0.03   0.82  -0.08   0.86   0.73  -0      0.8    0.03   0.6    0.59   1      0.91   0.91  -0.23   1      0.91  -0.06   0.84   0.84   0.86  -0.17   0.9    0.9    0.77   0.43   0.86   0.2    0.9   -0.11 
  0.84   0.76   0.95   0.58   0.83   0.84  -0.27   0.82   0.03   0.8   -0.07   0.9    0.68   0      0.78   0.06   0.85   0.52   0.91   1      0.99  -0.3    0.91   1     -0.11   0.83   0.83   0.91  -0.26   0.98   0.98   0.95   0.48   0.91   0.28   0.93  -0.14 
  0.81   0.75   0.93   0.59   0.79   0.81  -0.33   0.78   0.03   0.76  -0.1    0.87   0.63   0.02   0.74   0.1    0.83   0.62   0.91   0.99   1     -0.38   0.91   0.99  -0.13   0.79   0.79   0.88  -0.3    0.99   1      0.93   0.54   0.9    0.35   0.91  -0.16 
 -0.31  -0.36  -0.33  -0.21  -0.27  -0.31   0.46  -0.26  -0.04  -0.27   0.15  -0.34  -0.18  -0.16  -0.26  -0.25  -0.22  -0.7   -0.23  -0.3   -0.38   1     -0.23  -0.31   0.33  -0.28  -0.27  -0.35   0.27  -0.38  -0.37  -0.35  -0.76  -0.32  -0.6   -0.32   0.09 
  0.86   0.65   0.9    0.53   0.84   0.86  -0.18   0.84   0.03   0.82  -0.08   0.86   0.73  -0      0.8    0.03   0.6    0.59   1      0.91   0.91  -0.23   1      0.91  -0.06   0.84   0.84   0.86  -0.17   0.9    0.9    0.77   0.43   0.86   0.2    0.9   -0.11 
  0.84   0.76   0.95   0.58   0.83   0.84  -0.27   0.82   0.03   0.8   -0.07   0.9    0.68   0      0.78   0.06   0.85   0.52   0.91   1      0.99  -0.31   0.91   1     -0.11   0.83   0.83   0.91  -0.25   0.98   0.98   0.95   0.48   0.91   0.28   0.93  -0.14 
 -0.07  -0.14  -0.1   -0.15  -0.05  -0.07   0.13  -0.07   0.31  -0.05   0.13  -0.11   0.24   0.65  -0.05   0.13  -0.12  -0.23  -0.06  -0.11  -0.13   0.33  -0.06  -0.11   1     -0.03  -0.05  -0.12   0.08  -0.13  -0.13  -0.14  -0.23  -0.12  -0.28  -0.09   0.03 
  0.99   0.74   0.92   0.49   1      0.98  -0.16   0.98   0.1    0.93  -0.09   0.97   0.89   0.04   0.9    0.06   0.55   0.45   0.84   0.83   0.79  -0.28   0.84   0.83  -0.03   1      1      0.95  -0.1    0.8    0.79   0.76   0.47   0.88   0.22   0.93  -0.11 
  0.99   0.74   0.92   0.49   1      0.98  -0.16   1      0.05   0.94  -0.07   0.97   0.89   0.02   0.92   0.05   0.54   0.43   0.84   0.83   0.79  -0.27   0.84   0.83  -0.05   1      1      0.96  -0.1    0.79   0.78   0.76   0.46   0.88   0.22   0.93  -0.1  
  0.96   0.85   0.96   0.54   0.96   0.95  -0.24   0.95   0.01   0.93  -0.02   1      0.82   0.01   0.89   0.05   0.7    0.49   0.86   0.91   0.88  -0.35   0.86   0.91  -0.12   0.95   0.96   1     -0.18   0.88   0.87   0.88   0.54   0.92   0.3    0.97  -0.12 
 -0.11  -0.27  -0.28  -0.41  -0.1   -0.11   0.86  -0.11   0.23  -0.11  -0.1   -0.16  -0.04   0.07  -0.24  -0.18  -0.33  -0.3   -0.17  -0.26  -0.3    0.27  -0.17  -0.25   0.08  -0.1   -0.1   -0.18   1     -0.3   -0.3   -0.33  -0.36  -0.35  -0.55  -0.28   0.12 
  0.81   0.74   0.92   0.57   0.79   0.8   -0.33   0.78   0.03   0.76  -0.1    0.87   0.64   0.02   0.74   0.12   0.82   0.62   0.9    0.98   0.99  -0.38   0.9    0.98  -0.13   0.8    0.79   0.88  -0.3    1      0.98   0.93   0.53   0.89   0.35   0.91  -0.16 
  0.8    0.74   0.92   0.6    0.78   0.8   -0.32   0.77   0.03   0.76  -0.09   0.87   0.62   0.02   0.73   0.08   0.84   0.62   0.9    0.98   1     -0.37   0.9    0.98  -0.13   0.79   0.78   0.87  -0.3    0.98   1      0.93   0.55   0.9    0.34   0.91  -0.16 
  0.78   0.81   0.9    0.59   0.76   0.77  -0.35   0.75   0.03   0.75  -0.04   0.86   0.6    0.02   0.72   0.1    0.92   0.44   0.77   0.95   0.93  -0.35   0.77   0.95  -0.14   0.76   0.76   0.88  -0.33   0.93   0.93   1      0.54   0.88   0.37   0.89  -0.16 
  0.52   0.56   0.54   0.36   0.46   0.54  -0.5    0.45   0.03   0.51  -0.02   0.54   0.32   0.13   0.44   0.21   0.33   0.77   0.43   0.48   0.54  -0.76   0.43   0.48  -0.23   0.47   0.46   0.54  -0.36   0.53   0.55   0.54   1      0.53   0.55   0.53  -0.1  
  0.9    0.81   0.97   0.78   0.88   0.9   -0.33   0.87   0.01   0.86  -0.08   0.92   0.74   0      0.87   0.03   0.72   0.5    0.86   0.91   0.9   -0.32   0.86   0.91  -0.12   0.88   0.88   0.92  -0.35   0.89   0.9    0.88   0.53   1      0.35   0.97  -0.15 
  0.26   0.37   0.32   0.36   0.22   0.27  -0.68   0.21  -0.02   0.24  -0      0.29   0.13   0.14   0.18   0.09   0.33   0.46   0.2    0.28   0.35  -0.6    0.2    0.28  -0.28   0.22   0.22   0.3   -0.55   0.35   0.34   0.37   0.55   0.35   1      0.3   -0.13 
  0.94   0.81   1      0.61   0.93   0.94  -0.31   0.93   0.01   0.91  -0.06   0.97   0.81   0.01   0.92   0.05   0.71   0.5    0.9    0.93   0.91  -0.32   0.9    0.93  -0.09   0.93   0.93   0.97  -0.28   0.91   0.91   0.89   0.53   0.97   0.3    1     -0.15 
 -0.1   -0.11  -0.15  -0.12  -0.1   -0.1    0.1   -0.08  -0.06  -0.07   0.08  -0.11  -0.05  -0.01  -0.1   -0.06  -0.14  -0.11  -0.11  -0.14  -0.16   0.09  -0.11  -0.14   0.03  -0.11  -0.1   -0.12   0.12  -0.16  -0.16  -0.16  -0.1   -0.15  -0.13  -0.15   1    


eigenvalue	proportion	cumulative
 22.05108	  0.59598	  0.59598	-0.21LOC_CODE_AND_COMMENT-0.21LOC_TOTAL-0.208EDGE_COUNT-0.208NODE_COUNT-0.205NUMBER_OF_LINES...
  3.39822	  0.09184	  0.68782	0.413CYCLOMATIC_DENSITY-0.382PERCENT_COMMENTS+0.379NORMALIZED_CYLOMATIC_COMPLEXITY+0.333HALSTEAD_LEVEL-0.284NUM_UNIQUE_OPERATORS...
  2.13583	  0.05773	  0.74554	0.58 ESSENTIAL_DENSITY+0.431DECISION_DENSITY+0.418MAINTENANCE_SEVERITY+0.303PARAMETER_COUNT-0.221HALSTEAD_LEVEL...
  1.64047	  0.04434	  0.78988	-0.389MAINTENANCE_SEVERITY-0.359HALSTEAD_CONTENT-0.335HALSTEAD_LEVEL+0.265HALSTEAD_DIFFICULTY+0.254NORMALIZED_CYLOMATIC_COMPLEXITY...
  1.54656	  0.0418 	  0.83168	-0.523DESIGN_DENSITY+0.301CYCLOMATIC_DENSITY+0.277DECISION_DENSITY+0.251NORMALIZED_CYLOMATIC_COMPLEXITY-0.19DESIGN_COMPLEXITY...
  1.02139	  0.02761	  0.85929	-0.554PARAMETER_COUNT-0.431Defective=N+0.394LOC_COMMENTS+0.279DECISION_DENSITY+0.266PERCENT_COMMENTS...
  1.01195	  0.02735	  0.88664	0.561Defective=N-0.426PARAMETER_COUNT+0.344DESIGN_DENSITY+0.279NORMALIZED_CYLOMATIC_COMPLEXITY+0.194CALL_PAIRS...
  0.8958 	  0.02421	  0.91085	-0.643Defective=N+0.492DESIGN_DENSITY+0.282NORMALIZED_CYLOMATIC_COMPLEXITY-0.252LOC_COMMENTS+0.218CALL_PAIRS...
  0.75164	  0.02031	  0.93116	-0.442HALSTEAD_DIFFICULTY+0.429PARAMETER_COUNT-0.312HALSTEAD_EFFORT-0.312HALSTEAD_PROG_TIME+0.285HALSTEAD_CONTENT...
  0.56256	  0.0152 	  0.94637	-0.569LOC_COMMENTS-0.352PARAMETER_COUNT-0.321DECISION_DENSITY+0.265PERCENT_COMMENTS-0.245DESIGN_DENSITY...
  0.50213	  0.01357	  0.95994	-0.645DECISION_DENSITY+0.378LOC_COMMENTS+0.294ESSENTIAL_DENSITY+0.248CYCLOMATIC_DENSITY+0.211MAINTENANCE_SEVERITY...

Eigenvectors
 V1	 V2	 V3	 V4	 V5	 V6	 V7	 V8	 V9	 V10	 V11	
-0.2025	 0.1069	 0.0392	 0.1322	-0.0799	 0.0528	-0.0316	-0.0109	 0.0405	-0.0032	-0.0367	BRANCH_COUNT
-0.1761	-0.0514	-0.0341	-0.0611	-0.1414	 0.0595	 0.1943	 0.2183	 0.2119	-0.116 	 0.188 	CALL_PAIRS
-0.2103	 0.0169	-0.0287	-0.0371	-0.0017	 0.014 	-0.0282	-0.0168	 0.006 	-0.0002	 0.002 	LOC_CODE_AND_COMMENT
-0.1311	-0.1024	-0.1208	-0.1672	 0.044 	 0.3936	 0.0769	-0.2518	 0.0387	-0.5691	 0.3782	LOC_COMMENTS
-0.1997	 0.1297	 0.0196	 0.1224	-0.1006	 0.0355	-0.0696	-0.0179	 0.0546	 0.0342	-0.0322	CONDITION_COUNT
-0.2019	 0.0999	 0.0376	 0.1341	-0.0719	 0.0545	-0.0189	-0.0118	 0.0224	-0.0288	-0.0362	CYCLOMATIC_COMPLEXITY
 0.0688	 0.413 	-0.0376	 0.1276	 0.3008	-0.0051	 0.1553	 0.146 	 0.037 	-0.1486	 0.2482	CYCLOMATIC_DENSITY
-0.1981	 0.1283	-0.0065	 0.1275	-0.1254	 0.0208	-0.0737	-0.0245	 0.0543	 0.0578	 0.0054	DECISION_COUNT
-0.0064	 0.1188	 0.4309	-0.0869	 0.2765	 0.279 	 0.1894	 0.0274	 0.1925	-0.3207	-0.6455	DECISION_DENSITY
-0.1946	 0.1045	 0.0086	 0.086 	-0.19  	 0.0081	 0.0779	 0.1046	 0.0112	-0.0827	-0.0128	DESIGN_COMPLEXITY
 0.0126	-0.0101	-0.0769	-0.2257	-0.5235	-0.1871	 0.3444	 0.492 	-0.1914	-0.2453	-0.173 	DESIGN_DENSITY
-0.2084	 0.0632	-0.0082	 0.062 	-0.0533	 0.0128	 0.0212	 0.0494	 0.0815	 0.0497	 0.0179	EDGE_COUNT
-0.1709	 0.2007	 0.161 	 0.0488	-0.1834	 0.028 	-0.1142	-0.1008	-0.0012	 0.1297	-0.0244	ESSENTIAL_COMPLEXITY
-0.007 	 0.0365	 0.5796	-0.2174	-0.0357	 0.0978	 0.1744	-0.0286	-0.0797	 0.2193	 0.2941	ESSENTIAL_DENSITY
-0.1896	 0.0928	-0.0026	 0.0698	-0.1685	 0.0379	-0.1503	-0.0943	 0.0087	 0.022 	-0.032 	LOC_EXECUTABLE
-0.0171	-0.1222	 0.3034	 0.0007	 0.0294	-0.5544	-0.4264	 0.1078	 0.4292	-0.3518	 0.0626	PARAMETER_COUNT
-0.1552	-0.091 	-0.1155	-0.3587	 0.187 	-0.0622	 0.1184	 0.0966	 0.2849	 0.2188	 0.0248	HALSTEAD_CONTENT
-0.1219	-0.253 	 0.1633	 0.2647	 0.1732	-0.1651	 0.054 	-0.0154	-0.4418	-0.1599	 0.0029	HALSTEAD_DIFFICULTY
-0.1942	 0.0625	-0.0303	-0.017 	 0.1065	-0.1154	-0.0244	-0.0692	-0.3116	-0.0748	-0.1226	HALSTEAD_EFFORT
-0.2023	-0.006 	-0.0583	-0.1425	 0.1493	-0.1017	 0.0411	 0.0224	-0.0312	 0.071 	-0.0188	HALSTEAD_ERROR_EST
-0.1998	-0.0623	-0.0328	-0.1239	 0.1841	-0.1125	 0.0426	 0.0158	-0.0905	 0.0404	-0.024 	HALSTEAD_LENGTH
 0.0829	 0.3333	-0.2207	-0.3353	-0.0686	 0.0006	-0.1511	-0.0998	-0.0655	-0.1264	-0.1701	HALSTEAD_LEVEL
-0.1942	 0.0625	-0.0303	-0.017 	 0.1065	-0.1154	-0.0244	-0.0692	-0.3116	-0.0748	-0.1226	HALSTEAD_PROG_TIME
-0.2023	-0.0062	-0.0577	-0.1423	 0.1491	-0.1017	 0.0424	 0.023 	-0.031 	 0.0714	-0.0187	HALSTEAD_VOLUME
 0.0243	 0.2148	 0.4184	-0.3895	-0.1652	-0.0632	-0.093 	-0.1182	-0.2342	 0.0495	 0.2109	MAINTENANCE_SEVERITY
-0.1996	 0.1299	 0.0437	 0.1167	-0.0766	 0.0488	-0.0652	-0.0117	 0.0545	 0.0119	-0.0668	MODIFIED_CONDITION_COUNT
-0.1997	 0.1296	 0.0196	 0.1224	-0.1006	 0.0355	-0.0696	-0.0179	 0.0547	 0.0341	-0.0322	MULTIPLE_CONDITION_COUNT
-0.2081	 0.0535	-0.0194	 0.0437	-0.0482	 0.0024	 0.0308	 0.0641	 0.0954	 0.0688	 0.031 	NODE_COUNT
 0.0589	 0.3791	 0.0498	 0.2543	 0.2513	-0.0452	 0.2787	 0.2824	 0.0522	 0.108 	 0.1622	NORMALIZED_CYLOMATIC_COMPLEXITY
-0.1992	-0.0606	-0.0273	-0.1157	 0.1793	-0.1256	 0.0237	 0.0143	-0.0733	 0.0651	-0.0353	NUM_OPERANDS
-0.1988	-0.063 	-0.0364	-0.1286	 0.186 	-0.1027	 0.0552	 0.0167	-0.1016	 0.0231	-0.0161	NUM_OPERATORS
-0.1927	-0.0711	-0.0537	-0.1934	 0.1105	-0.0455	 0.0822	 0.093 	 0.1981	 0.1154	 0.0475	NUM_UNIQUE_OPERANDS
-0.1251	-0.2838	 0.185 	 0.2525	-0.0311	-0.0146	 0.1691	 0.121 	-0.0636	-0.1338	 0.1646	NUM_UNIQUE_OPERATORS
-0.2048	-0.0147	-0.0512	-0.0708	-0.0033	 0.1262	-0.0211	-0.0971	 0.0256	-0.1844	 0.1186	NUMBER_OF_LINES
-0.0763	-0.3823	 0.1047	 0.0417	-0.1125	 0.2656	 0.1077	-0.049 	 0.1213	 0.2647	-0.1759	PERCENT_COMMENTS
-0.21  	 0.0274	-0.0255	-0.023 	-0.0244	 0.0174	-0.0452	-0.0276	 0.0065	 0.0029	-0.0026	LOC_TOTAL
 0.0306	 0.071 	-0.0305	 0.0827	-0.1545	-0.4307	 0.5615	-0.643 	 0.2028	-0.0325	-0.0562	Defective=N

Ranked attributes:
 0.404    1 -0.21LOC_CODE_AND_COMMENT-0.21LOC_TOTAL-0.208EDGE_COUNT-0.208NODE_COUNT-0.205NUMBER_OF_LINES...
 0.3122   2 0.413CYCLOMATIC_DENSITY-0.382PERCENT_COMMENTS+0.379NORMALIZED_CYLOMATIC_COMPLEXITY+0.333HALSTEAD_LEVEL-0.284NUM_UNIQUE_OPERATORS...
 0.2545   3 0.58 ESSENTIAL_DENSITY+0.431DECISION_DENSITY+0.418MAINTENANCE_SEVERITY+0.303PARAMETER_COUNT-0.221HALSTEAD_LEVEL...
 0.2101   4 -0.389MAINTENANCE_SEVERITY-0.359HALSTEAD_CONTENT-0.335HALSTEAD_LEVEL+0.265HALSTEAD_DIFFICULTY+0.254NORMALIZED_CYLOMATIC_COMPLEXITY...
 0.1683   5 -0.523DESIGN_DENSITY+0.301CYCLOMATIC_DENSITY+0.277DECISION_DENSITY+0.251NORMALIZED_CYLOMATIC_COMPLEXITY-0.19DESIGN_COMPLEXITY...
 0.1407   6 -0.554PARAMETER_COUNT-0.431Defective=N+0.394LOC_COMMENTS+0.279DECISION_DENSITY+0.266PERCENT_COMMENTS...
 0.1134   7 0.561Defective=N-0.426PARAMETER_COUNT+0.344DESIGN_DENSITY+0.279NORMALIZED_CYLOMATIC_COMPLEXITY+0.194CALL_PAIRS...
 0.0892   8 -0.643Defective=N+0.492DESIGN_DENSITY+0.282NORMALIZED_CYLOMATIC_COMPLEXITY-0.252LOC_COMMENTS+0.218CALL_PAIRS...
 0.0688   9 -0.442HALSTEAD_DIFFICULTY+0.429PARAMETER_COUNT-0.312HALSTEAD_EFFORT-0.312HALSTEAD_PROG_TIME+0.285HALSTEAD_CONTENT...
 0.0536  10 -0.569LOC_COMMENTS-0.352PARAMETER_COUNT-0.321DECISION_DENSITY+0.265PERCENT_COMMENTS-0.245DESIGN_DENSITY...
 0.0401  11 -0.645DECISION_DENSITY+0.378LOC_COMMENTS+0.294ESSENTIAL_DENSITY+0.248CYCLOMATIC_DENSITY+0.211MAINTENANCE_SEVERITY...

Selected attributes: 1,2,3,4,5,6,7,8,9,10,11 : 11

