=== Run information ===

Evaluator:    weka.attributeSelection.PrincipalComponents -R 0.95 -A 5
Search:       weka.attributeSelection.Ranker -T -1.7976931348623157E308 -N -1
Relation:     PC3
Instances:    1099
Attributes:   38
              LOC_BLANK
              BRANCH_COUNT
              CALL_PAIRS
              LOC_CODE_AND_COMMENT
              LOC_COMMENTS
              CONDITION_COUNT
              CYCLOMATIC_COMPLEXITY
              CYCLOMATIC_DENSITY
              DECISION_COUNT
              DECISION_DENSITY
              DESIGN_COMPLEXITY
              DESIGN_DENSITY
              EDGE_COUNT
              ESSENTIAL_COMPLEXITY
              ESSENTIAL_DENSITY
              LOC_EXECUTABLE
              PARAMETER_COUNT
              HALSTEAD_CONTENT
              HALSTEAD_DIFFICULTY
              HALSTEAD_EFFORT
              HALSTEAD_ERROR_EST
              HALSTEAD_LENGTH
              HALSTEAD_LEVEL
              HALSTEAD_PROG_TIME
              HALSTEAD_VOLUME
              MAINTENANCE_SEVERITY
              MODIFIED_CONDITION_COUNT
              MULTIPLE_CONDITION_COUNT
              NODE_COUNT
              NORMALIZED_CYLOMATIC_COMPLEXITY
              NUM_OPERANDS
              NUM_OPERATORS
              NUM_UNIQUE_OPERANDS
              NUM_UNIQUE_OPERATORS
              NUMBER_OF_LINES
              PERCENT_COMMENTS
              LOC_TOTAL
              Defective
Evaluation mode:    evaluate on all training data



=== Attribute Selection on all input data ===

Search Method:
	Attribute ranking.

Attribute Evaluator (unsupervised):
	Principal Components Attribute Transformer

Correlation matrix
  1      0.31   0.41   0.6    0.67   0.28   0.31  -0.34   0.27   0.09   0.3   -0.05   0.31   0.23   0.02   0.38  -0.15   0.29   0.28   0.15   0.26   0.3   -0.3    0.15   0.26  -0.18   0.29   0.28   0.31  -0.47   0.31   0.3    0.4    0.43   0.64   0.52   0.42  -0.33 
  0.31   1      0.33   0.2    0.18   0.99   1      0.11   0.98   0.04   0.53  -0.19   0.99   0.52   0.11   0.71   0.04   0.41   0.54   0.83   0.84   0.86  -0.3    0.83   0.84  -0.09   0.99   0.99   0.98   0.16   0.83   0.88   0.72   0.52   0.66  -0.02   0.71  -0.05 
  0.41   0.33   1      0.29   0.32   0.3    0.35  -0.22   0.29   0.02   0.68   0.32   0.38   0.43   0.1    0.38  -0.09   0.22   0.29   0.11   0.22   0.27  -0.25   0.11   0.22  -0.09   0.31   0.3    0.38  -0.18   0.27   0.26   0.38   0.52   0.45   0.17   0.39  -0.17 
  0.6    0.2    0.29   1      0.4    0.19   0.21  -0.17   0.18   0.06   0.25  -0.08   0.21   0.16   0.05   0.18  -0.11   0.21   0.27   0.04   0.13   0.17  -0.23   0.04   0.13  -0.13   0.19   0.19   0.21  -0.22   0.18   0.17   0.24   0.34   0.38   0.47   0.25  -0.21 
  0.67   0.18   0.32   0.4    1      0.17   0.17  -0.34   0.15   0.06   0.17  -0.08   0.17   0.19   0.01   0.39  -0.04   0.27   0.17   0.06   0.2    0.24  -0.22   0.06   0.2   -0.13   0.18   0.18   0.17  -0.46   0.26   0.23   0.34   0.27   0.62   0.65   0.41  -0.28 
  0.28   0.99   0.3    0.19   0.17   1      0.98   0.11   1      0.01   0.47  -0.18   0.98   0.48   0.09   0.68   0.04   0.41   0.5    0.83   0.85   0.86  -0.27   0.83   0.85  -0.1    1      1      0.98   0.16   0.83   0.88   0.71   0.46   0.63  -0.01   0.69  -0.04 
  0.31   1      0.35   0.21   0.17   0.98   1      0.1    0.97   0.04   0.55  -0.19   0.99   0.52   0.11   0.71   0.04   0.4    0.57   0.83   0.84   0.86  -0.3    0.83   0.84  -0.1    0.98   0.98   0.98   0.16   0.83   0.88   0.72   0.55   0.67  -0.02   0.72  -0.05 
 -0.34   0.11  -0.22  -0.17  -0.34   0.11   0.1    1      0.1    0.16   0.01  -0.22   0.08   0.16   0.24  -0.19   0.03  -0.19  -0      0.04  -0.05  -0.07   0.12   0.04  -0.05   0.2    0.11   0.11   0.07   0.9   -0.08  -0.05  -0.18  -0.11  -0.28  -0.3   -0.2    0.15 
  0.27   0.98   0.29   0.18   0.15   1      0.97   0.1    1     -0.04   0.45  -0.17   0.98   0.44   0.07   0.67   0.03   0.41   0.49   0.84   0.85   0.86  -0.26   0.84   0.85  -0.12   0.99   0.99   0.98   0.15   0.83   0.88   0.71   0.45   0.61  -0.02   0.67  -0.04 
  0.09   0.04   0.02   0.06   0.06   0.01   0.04   0.16  -0.04   1      0.01  -0.19   0      0.25   0.46   0     -0.01  -0.03   0.01  -0.02  -0.02  -0.02  -0.07  -0.02  -0.02   0.38   0.04   0.02  -0.01   0.1   -0.02  -0.02  -0.01   0.09   0.04   0.05   0.01  -0.12 
  0.3    0.53   0.68   0.25   0.17   0.47   0.55   0.01   0.45   0.01   1      0.2    0.56   0.64   0.16   0.54   0.04   0.26   0.5    0.24   0.35   0.4   -0.31   0.24   0.35  -0.05   0.49   0.47   0.56   0.07   0.41   0.4    0.45   0.61   0.53  -0.01   0.55  -0.06 
 -0.05  -0.19   0.32  -0.08  -0.08  -0.18  -0.19  -0.22  -0.17  -0.19   0.2    1     -0.16  -0.14  -0.16  -0.13  -0.13  -0.09  -0.25  -0.08  -0.12  -0.14   0.29  -0.08  -0.12   0     -0.19  -0.19  -0.15  -0.22  -0.14  -0.14  -0.1   -0.16  -0.13   0.03  -0.13  -0.01 
  0.31   0.99   0.38   0.21   0.17   0.98   0.99   0.08   0.98   0      0.56  -0.16   1      0.48   0.08   0.71   0.03   0.42   0.57   0.83   0.85   0.87  -0.3    0.83   0.85  -0.13   0.98   0.98   1      0.14   0.84   0.89   0.72   0.53   0.67  -0.02   0.72  -0.06 
  0.23   0.52   0.43   0.16   0.19   0.48   0.52   0.16   0.44   0.25   0.64  -0.14   0.48   1      0.58   0.47   0.13   0.23   0.38   0.19   0.32   0.36  -0.32   0.19   0.32   0.44   0.51   0.49   0.47   0.2    0.36   0.36   0.4    0.52   0.46  -0.04   0.48  -0.02 
  0.02   0.11   0.1    0.05   0.01   0.09   0.11   0.24   0.07   0.46   0.16  -0.16   0.08   0.58   1      0.07   0.09  -0      0.12  -0.01   0.02   0.02  -0.22  -0.01   0.02   0.87   0.11   0.1    0.07   0.28   0.02   0.02   0.04   0.25   0.07  -0.07   0.07   0.01 
  0.38   0.71   0.38   0.18   0.39   0.68   0.71  -0.19   0.67   0      0.54  -0.13   0.71   0.47   0.07   1      0.09   0.74   0.47   0.58   0.84   0.87  -0.31   0.58   0.84  -0.12   0.7    0.68   0.71  -0.12   0.9    0.84   0.91   0.48   0.94   0.02   1     -0.07 
 -0.15   0.04  -0.09  -0.11  -0.04   0.04   0.04   0.03   0.03  -0.01   0.04  -0.13   0.03   0.13   0.09   0.09   1      0      0.13   0.01   0.03   0.04  -0.13   0.01   0.03   0.08   0.04   0.04   0.03   0.1    0.04   0.04   0.02   0.09   0.03  -0.18   0.08   0.09 
  0.29   0.41   0.22   0.21   0.27   0.41   0.4   -0.19   0.41  -0.03   0.26  -0.09   0.42   0.23  -0      0.74   0      1      0.18   0.35   0.67   0.69  -0.15   0.35   0.67  -0.13   0.41   0.41   0.43  -0.15   0.73   0.64   0.87   0.18   0.7    0.07   0.75  -0.1  
  0.28   0.54   0.29   0.27   0.17   0.5    0.57  -0      0.49   0.01   0.5   -0.25   0.57   0.38   0.12   0.47   0.13   0.18   1      0.49   0.46   0.53  -0.57   0.49   0.46  -0.12   0.5    0.5    0.57   0.08   0.51   0.54   0.39   0.76   0.47  -0      0.48  -0.03 
  0.15   0.83   0.11   0.04   0.06   0.83   0.83   0.04   0.84  -0.02   0.24  -0.08   0.83   0.19  -0.01   0.58   0.01   0.35   0.49   1      0.89   0.87  -0.12   1      0.89  -0.08   0.82   0.83   0.82   0.07   0.83   0.89   0.65   0.34   0.5   -0.03   0.57   0.01 
  0.26   0.84   0.22   0.13   0.2    0.85   0.84  -0.05   0.85  -0.02   0.35  -0.12   0.85   0.32   0.02   0.84   0.03   0.67   0.46   0.89   1      0.99  -0.2    0.89   1     -0.11   0.84   0.85   0.84   0      0.99   0.99   0.9    0.38   0.75  -0.01   0.83  -0.04 
  0.3    0.86   0.27   0.17   0.24   0.86   0.86  -0.07   0.86  -0.02   0.4   -0.14   0.87   0.36   0.02   0.87   0.04   0.69   0.53   0.87   0.99   1     -0.26   0.87   0.99  -0.13   0.86   0.86   0.87  -0.01   1      1      0.91   0.43   0.8    0.01   0.87  -0.06 
 -0.3   -0.3   -0.25  -0.23  -0.22  -0.27  -0.3    0.12  -0.26  -0.07  -0.31   0.29  -0.3   -0.32  -0.22  -0.31  -0.13  -0.15  -0.57  -0.12  -0.2   -0.26   1     -0.12  -0.2    0.09  -0.28  -0.27  -0.3    0.03  -0.26  -0.26  -0.28  -0.68  -0.35  -0.06  -0.32   0.12 
  0.15   0.83   0.11   0.04   0.06   0.83   0.83   0.04   0.84  -0.02   0.24  -0.08   0.83   0.19  -0.01   0.58   0.01   0.35   0.49   1      0.89   0.87  -0.12   1      0.89  -0.08   0.82   0.83   0.82   0.07   0.83   0.89   0.65   0.34   0.5   -0.03   0.57   0.01 
  0.26   0.84   0.22   0.13   0.2    0.85   0.84  -0.05   0.85  -0.02   0.35  -0.12   0.85   0.32   0.02   0.84   0.03   0.67   0.46   0.89   1      0.99  -0.2    0.89   1     -0.11   0.84   0.85   0.84   0      0.99   0.99   0.9    0.38   0.75  -0.01   0.83  -0.04 
 -0.18  -0.09  -0.09  -0.13  -0.13  -0.1   -0.1    0.2   -0.12   0.38  -0.05   0     -0.13   0.44   0.87  -0.12   0.08  -0.13  -0.12  -0.08  -0.11  -0.13   0.09  -0.08  -0.11   1     -0.08  -0.09  -0.14   0.22  -0.14  -0.13  -0.14  -0.08  -0.16  -0.13  -0.13   0.1  
  0.29   0.99   0.31   0.19   0.18   1      0.98   0.11   0.99   0.04   0.49  -0.19   0.98   0.51   0.11   0.7    0.04   0.41   0.5    0.82   0.84   0.86  -0.28   0.82   0.84  -0.08   1      1      0.98   0.16   0.83   0.87   0.71   0.47   0.65  -0.01   0.7   -0.05 
  0.28   0.99   0.3    0.19   0.18   1      0.98   0.11   0.99   0.02   0.47  -0.19   0.98   0.49   0.1    0.68   0.04   0.41   0.5    0.83   0.85   0.86  -0.27   0.83   0.85  -0.09   1      1      0.98   0.16   0.83   0.87   0.71   0.46   0.64  -0.01   0.69  -0.05 
  0.31   0.98   0.38   0.21   0.17   0.98   0.98   0.07   0.98  -0.01   0.56  -0.15   1      0.47   0.07   0.71   0.03   0.43   0.57   0.82   0.84   0.87  -0.3    0.82   0.84  -0.14   0.98   0.98   1      0.13   0.84   0.88   0.72   0.52   0.66  -0.02   0.71  -0.06 
 -0.47   0.16  -0.18  -0.22  -0.46   0.16   0.16   0.9    0.15   0.1    0.07  -0.22   0.14   0.2    0.28  -0.12   0.1   -0.15   0.08   0.07   0     -0.01   0.03   0.07   0      0.22   0.16   0.16   0.13   1     -0.03   0     -0.13  -0.04  -0.28  -0.54  -0.13   0.21 
  0.31   0.83   0.27   0.18   0.26   0.83   0.83  -0.08   0.83  -0.02   0.41  -0.14   0.84   0.36   0.02   0.9    0.04   0.73   0.51   0.83   0.99   1     -0.26   0.83   0.99  -0.14   0.83   0.83   0.84  -0.03   1      0.98   0.93   0.41   0.82   0.01   0.89  -0.06 
  0.3    0.88   0.26   0.17   0.23   0.88   0.88  -0.05   0.88  -0.02   0.4   -0.14   0.89   0.36   0.02   0.84   0.04   0.64   0.54   0.89   0.99   1     -0.26   0.89   0.99  -0.13   0.87   0.87   0.88   0      0.98   1      0.89   0.45   0.77   0.01   0.84  -0.06 
  0.4    0.72   0.38   0.24   0.34   0.71   0.72  -0.18   0.71  -0.01   0.45  -0.1    0.72   0.4    0.04   0.91   0.02   0.87   0.39   0.65   0.9    0.91  -0.28   0.65   0.9   -0.14   0.71   0.71   0.72  -0.13   0.93   0.89   1      0.44   0.87   0.08   0.92  -0.13 
  0.43   0.52   0.52   0.34   0.27   0.46   0.55  -0.11   0.45   0.09   0.61  -0.16   0.53   0.52   0.25   0.48   0.09   0.18   0.76   0.34   0.38   0.43  -0.68   0.34   0.38  -0.08   0.47   0.46   0.52  -0.04   0.41   0.45   0.44   1      0.53   0.1    0.5   -0.13 
  0.64   0.66   0.45   0.38   0.62   0.63   0.67  -0.28   0.61   0.04   0.53  -0.13   0.67   0.46   0.07   0.94   0.03   0.7    0.47   0.5    0.75   0.8   -0.35   0.5    0.75  -0.16   0.65   0.64   0.66  -0.28   0.82   0.77   0.87   0.53   1      0.24   0.95  -0.18 
  0.52  -0.02   0.17   0.47   0.65  -0.01  -0.02  -0.3   -0.02   0.05  -0.01   0.03  -0.02  -0.04  -0.07   0.02  -0.18   0.07  -0     -0.03  -0.01   0.01  -0.06  -0.03  -0.01  -0.13  -0.01  -0.01  -0.02  -0.54   0.01   0.01   0.08   0.1    0.24   1      0.05  -0.27 
  0.42   0.71   0.39   0.25   0.41   0.69   0.72  -0.2    0.67   0.01   0.55  -0.13   0.72   0.48   0.07   1      0.08   0.75   0.48   0.57   0.83   0.87  -0.32   0.57   0.83  -0.13   0.7    0.69   0.71  -0.13   0.89   0.84   0.92   0.5    0.95   0.05   1     -0.09 
 -0.33  -0.05  -0.17  -0.21  -0.28  -0.04  -0.05   0.15  -0.04  -0.12  -0.06  -0.01  -0.06  -0.02   0.01  -0.07   0.09  -0.1   -0.03   0.01  -0.04  -0.06   0.12   0.01  -0.04   0.1   -0.05  -0.05  -0.06   0.21  -0.06  -0.06  -0.13  -0.13  -0.18  -0.27  -0.09   1    


eigenvalue	proportion	cumulative
 18.23905	  0.47997	  0.47997	0.225NUM_OPERATORS+0.225HALSTEAD_LENGTH+0.222EDGE_COUNT+0.222NUM_OPERANDS+0.222CYCLOMATIC_COMPLEXITY...
  4.26436	  0.11222	  0.59219	0.387NORMALIZED_CYLOMATIC_COMPLEXITY+0.341CYCLOMATIC_DENSITY-0.341LOC_COMMENTS-0.335LOC_BLANK-0.323PERCENT_COMMENTS...
  3.15647	  0.08306	  0.67526	-0.433ESSENTIAL_DENSITY-0.388ESSENTIAL_COMPLEXITY-0.321MAINTENANCE_SEVERITY-0.278NUM_UNIQUE_OPERATORS-0.269DECISION_DENSITY...
  1.98456	  0.05223	  0.72749	0.392MAINTENANCE_SEVERITY+0.349HALSTEAD_CONTENT+0.307ESSENTIAL_DENSITY+0.233DECISION_DENSITY-0.231HALSTEAD_DIFFICULTY...
  1.72661	  0.04544	  0.77292	-0.367DESIGN_COMPLEXITY+0.364PERCENT_COMMENTS-0.349DESIGN_DENSITY-0.307CALL_PAIRS+0.281DECISION_DENSITY...
  1.60127	  0.04214	  0.81506	-0.531DESIGN_DENSITY-0.414HALSTEAD_LEVEL+0.341PARAMETER_COUNT+0.299HALSTEAD_DIFFICULTY-0.295CALL_PAIRS...
  1.14503	  0.03013	  0.84519	-0.47CYCLOMATIC_DENSITY-0.402NORMALIZED_CYLOMATIC_COMPLEXITY-0.278HALSTEAD_CONTENT+0.277MAINTENANCE_SEVERITY+0.268PARAMETER_COUNT...
  0.90693	  0.02387	  0.86906	0.583PARAMETER_COUNT+0.396Defective=N+0.284LOC_COMMENTS-0.28DECISION_DENSITY+0.245HALSTEAD_LEVEL...
  0.86383	  0.02273	  0.89179	0.767Defective=N-0.492PARAMETER_COUNT+0.258LOC_CODE_AND_COMMENT+0.152HALSTEAD_DIFFICULTY-0.138DECISION_DENSITY...
  0.66586	  0.01752	  0.90931	0.508LOC_CODE_AND_COMMENT+0.329DESIGN_DENSITY+0.318PARAMETER_COUNT+0.249HALSTEAD_DIFFICULTY+0.235CYCLOMATIC_DENSITY...
  0.64329	  0.01693	  0.92624	0.77 DECISION_DENSITY+0.3  Defective=N-0.254MAINTENANCE_SEVERITY-0.221ESSENTIAL_DENSITY+0.199PARAMETER_COUNT...
  0.58533	  0.0154 	  0.94165	0.539LOC_CODE_AND_COMMENT-0.485LOC_COMMENTS-0.318CYCLOMATIC_DENSITY-0.298PERCENT_COMMENTS-0.209HALSTEAD_DIFFICULTY...
  0.43634	  0.01148	  0.95313	0.586HALSTEAD_LEVEL+0.349HALSTEAD_DIFFICULTY-0.311PERCENT_COMMENTS-0.254HALSTEAD_CONTENT-0.228CALL_PAIRS...

Eigenvectors
 V1	 V2	 V3	 V4	 V5	 V6	 V7	 V8	 V9	 V10	 V11	 V12	 V13	
 0.0953	-0.3349	-0.0987	-0.0723	 0.1968	-0.0478	-0.0746	 0.0517	 0.0571	-0.0033	 0.0148	 0.0793	 0.1765	LOC_BLANK
 0.2214	 0.0933	-0.0271	-0.113 	 0.0726	-0.0675	 0.0067	 0.0738	-0.043 	-0.1153	-0.0154	 0.0757	-0.0086	BRANCH_COUNT
 0.0932	-0.1932	-0.1866	-0.1618	-0.3069	-0.2949	-0.0459	-0.0582	-0.0468	-0.035 	 0.1148	 0.0044	-0.2282	CALL_PAIRS
 0.062 	-0.2475	-0.1277	-0.1378	 0.2154	-0.0111	-0.2045	 0.1072	 0.2585	 0.5083	-0.0178	 0.539 	 0.0792	LOC_CODE_AND_COMMENT
 0.0718	-0.3406	-0.0618	 0.0591	 0.2047	 0.0035	-0.0504	 0.2843	-0.0407	-0.1043	 0.0459	-0.4845	-0.0127	LOC_COMMENTS
 0.2187	 0.103 	 0.0043	-0.1079	 0.0916	-0.0788	 0.0054	 0.0965	-0.0441	-0.1158	-0.0677	 0.0896	-0.0744	CONDITION_COUNT
 0.2218	 0.0897	-0.0326	-0.1241	 0.0582	-0.0583	 0.0145	 0.0528	-0.0348	-0.0927	 0.0066	 0.061 	 0.0275	CYCLOMATIC_COMPLEXITY
-0.0096	 0.3406	-0.1494	-0.0621	 0.1266	-0.0091	-0.4699	 0.0568	 0.006 	 0.2355	 0.0956	-0.3184	-0.1082	CYCLOMATIC_DENSITY
 0.2171	 0.1072	 0.0261	-0.1193	 0.0875	-0.0775	 0.0126	 0.0921	-0.0346	-0.0905	-0.0946	 0.0909	-0.0945	DECISION_COUNT
 0.0047	 0.0286	-0.269 	 0.2332	 0.2811	-0.063 	 0.029 	-0.2804	-0.1379	-0.1593	 0.7701	 0.182 	-0.102 	DECISION_DENSITY
 0.1304	-0.0661	-0.2383	-0.166 	-0.3667	-0.1786	-0.1313	 0.041 	-0.0328	 0.0243	 0.1251	-0.0406	 0.1552	DESIGN_COMPLEXITY
-0.0385	-0.0827	 0.0996	-0.0614	-0.3492	-0.5311	 0.176 	-0.0645	-0.052 	 0.3295	 0.0938	-0.1086	-0.2098	DESIGN_DENSITY
 0.2224	 0.0808	-0.0135	-0.1377	 0.0371	-0.0707	 0.0068	 0.0517	-0.0347	-0.0748	-0.0157	 0.0694	-0.0089	EDGE_COUNT
 0.1186	 0.0301	-0.3878	 0.1027	-0.1194	-0.1067	-0.0411	 0.1701	-0.0146	-0.1815	-0.1437	-0.0055	 0.1496	ESSENTIAL_COMPLEXITY
 0.0223	 0.1014	-0.4334	 0.3067	 0.1031	-0.0987	 0.1739	-0.0401	 0.0823	 0.0998	-0.221 	-0.0109	-0.0732	ESSENTIAL_DENSITY
 0.2025	-0.0933	 0.0177	 0.2048	-0.1771	 0.0906	-0.1007	 0.015 	-0.0119	-0.1014	 0.0418	-0.0789	 0.1379	LOC_EXECUTABLE
 0.0105	 0.0757	-0.0726	 0.072 	-0.1698	 0.3408	 0.2676	 0.5832	-0.4915	 0.3183	 0.1993	 0.1257	-0.0972	PARAMETER_COUNT
 0.1425	-0.1187	 0.1148	 0.3489	-0.14  	 0.0898	-0.2778	-0.0765	 0.0374	 0.117 	-0.0731	 0.1686	-0.2545	HALSTEAD_CONTENT
 0.1413	-0.0154	-0.1675	-0.2307	-0.0665	 0.2989	 0.17  	-0.1808	 0.1517	 0.2492	 0.107 	-0.2087	 0.3492	HALSTEAD_DIFFICULTY
 0.1943	 0.1299	 0.1499	-0.0375	 0.1272	-0.0622	 0.2375	-0.0985	 0.0392	 0.1622	 0.0737	-0.1185	 0.066 	HALSTEAD_EFFORT
 0.2193	 0.0414	 0.1335	 0.1319	 0.0108	 0.0034	 0.035 	-0.067 	 0.0266	 0.1015	 0.0115	-0.0502	-0.0405	HALSTEAD_ERROR_EST
 0.2247	 0.0186	 0.1063	 0.1059	-0.0051	 0.0335	 0.0207	-0.0632	 0.0233	 0.0907	 0.015 	-0.0397	-0.009 	HALSTEAD_LENGTH
-0.0837	 0.1005	 0.2421	 0.1577	 0.0514	-0.4143	-0.1358	 0.2454	-0.0366	 0.0858	 0.1922	 0.02  	 0.5864	HALSTEAD_LEVEL
 0.1943	 0.1299	 0.1499	-0.0375	 0.1272	-0.0622	 0.2375	-0.0985	 0.0392	 0.1622	 0.0737	-0.1185	 0.066 	HALSTEAD_PROG_TIME
 0.2193	 0.0414	 0.1335	 0.1319	 0.0108	 0.0034	 0.035 	-0.067 	 0.0264	 0.1016	 0.0116	-0.0501	-0.0404	HALSTEAD_VOLUME
-0.0289	 0.1464	-0.3206	 0.3918	 0.0892	-0.2182	 0.2774	 0.0302	 0.0883	 0.1221	-0.2544	-0.0146	 0.0912	MAINTENANCE_SEVERITY
 0.219 	 0.0985	-0.016 	-0.0966	 0.0948	-0.0796	-0.0013	 0.1001	-0.0528	-0.1387	-0.0423	 0.0878	-0.0551	MODIFIED_CONDITION_COUNT
 0.2184	 0.1009	-0.0021	-0.1048	 0.0976	-0.0807	 0.0037	 0.0939	-0.0523	-0.1195	-0.0535	 0.0905	-0.0756	MULTIPLE_CONDITION_COUNT
 0.2216	 0.0778	-0.0077	-0.1412	 0.0307	-0.0741	 0.0044	 0.0511	-0.0345	-0.0691	-0.0224	 0.0717	-0.0198	NODE_COUNT
 0.0029	 0.3874	-0.1585	-0.0557	-0.0213	 0.0566	-0.402 	-0.0131	-0.0039	 0.199 	 0.0162	-0.1666	-0.0697	NORMALIZED_CYLOMATIC_COMPLEXITY
 0.2223	 0.0024	 0.1083	 0.1398	-0.029 	 0.0489	-0.015 	-0.0574	 0.0278	 0.0864	 0.016 	-0.0342	-0.0123	NUM_OPERANDS
 0.2252	 0.0316	 0.1039	 0.0777	 0.0144	 0.0207	 0.0495	-0.0676	 0.0194	 0.0935	 0.0141	-0.0439	-0.0063	NUM_OPERATORS
 0.2065	-0.0903	 0.0711	 0.2186	-0.1055	 0.0388	-0.1251	-0.0702	 0.0043	 0.0545	-0.0337	 0.0444	-0.1342	NUM_UNIQUE_OPERANDS
 0.1355	-0.1093	-0.2781	-0.2199	-0.1191	 0.1933	 0.1498	-0.1944	 0.0743	 0.0603	 0.0345	-0.0784	 0.0248	NUM_UNIQUE_OPERATORS
 0.1945	-0.2089	-0.0252	 0.1526	-0.0603	 0.0614	-0.1105	 0.0751	 0.0124	-0.0717	 0.046 	-0.0974	 0.1486	NUMBER_OF_LINES
 0.0121	-0.3234	-0.0036	-0.0545	 0.3639	-0.1295	 0.0329	 0.2171	 0.0845	 0.1459	 0.0319	-0.2981	-0.3112	PERCENT_COMMENTS
 0.2039	-0.1102	 0.0079	 0.1913	-0.1582	 0.0883	-0.1143	 0.0227	 0.0075	-0.062 	 0.0398	-0.0376	 0.1416	LOC_TOTAL
-0.0219	 0.1825	 0.0423	 0.0417	-0.204 	 0.0694	 0.1342	 0.3959	 0.7667	-0.1596	 0.2997	 0.0245	-0.1608	Defective=N

Ranked attributes:
 0.52     1 0.225NUM_OPERATORS+0.225HALSTEAD_LENGTH+0.222EDGE_COUNT+0.222NUM_OPERANDS+0.222CYCLOMATIC_COMPLEXITY...
 0.4078   2 0.387NORMALIZED_CYLOMATIC_COMPLEXITY+0.341CYCLOMATIC_DENSITY-0.341LOC_COMMENTS-0.335LOC_BLANK-0.323PERCENT_COMMENTS...
 0.3247   3 -0.433ESSENTIAL_DENSITY-0.388ESSENTIAL_COMPLEXITY-0.321MAINTENANCE_SEVERITY-0.278NUM_UNIQUE_OPERATORS-0.269DECISION_DENSITY...
 0.2725   4 0.392MAINTENANCE_SEVERITY+0.349HALSTEAD_CONTENT+0.307ESSENTIAL_DENSITY+0.233DECISION_DENSITY-0.231HALSTEAD_DIFFICULTY...
 0.2271   5 -0.367DESIGN_COMPLEXITY+0.364PERCENT_COMMENTS-0.349DESIGN_DENSITY-0.307CALL_PAIRS+0.281DECISION_DENSITY...
 0.1849   6 -0.531DESIGN_DENSITY-0.414HALSTEAD_LEVEL+0.341PARAMETER_COUNT+0.299HALSTEAD_DIFFICULTY-0.295CALL_PAIRS...
 0.1548   7 -0.47CYCLOMATIC_DENSITY-0.402NORMALIZED_CYLOMATIC_COMPLEXITY-0.278HALSTEAD_CONTENT+0.277MAINTENANCE_SEVERITY+0.268PARAMETER_COUNT...
 0.1309   8 0.583PARAMETER_COUNT+0.396Defective=N+0.284LOC_COMMENTS-0.28DECISION_DENSITY+0.245HALSTEAD_LEVEL...
 0.1082   9 0.767Defective=N-0.492PARAMETER_COUNT+0.258LOC_CODE_AND_COMMENT+0.152HALSTEAD_DIFFICULTY-0.138DECISION_DENSITY...
 0.0907  10 0.508LOC_CODE_AND_COMMENT+0.329DESIGN_DENSITY+0.318PARAMETER_COUNT+0.249HALSTEAD_DIFFICULTY+0.235CYCLOMATIC_DENSITY...
 0.0738  11 0.77 DECISION_DENSITY+0.3  Defective=N-0.254MAINTENANCE_SEVERITY-0.221ESSENTIAL_DENSITY+0.199PARAMETER_COUNT...
 0.0584  12 0.539LOC_CODE_AND_COMMENT-0.485LOC_COMMENTS-0.318CYCLOMATIC_DENSITY-0.298PERCENT_COMMENTS-0.209HALSTEAD_DIFFICULTY...
 0.0469  13 0.586HALSTEAD_LEVEL+0.349HALSTEAD_DIFFICULTY-0.311PERCENT_COMMENTS-0.254HALSTEAD_CONTENT-0.228CALL_PAIRS...

Selected attributes: 1,2,3,4,5,6,7,8,9,10,11,12,13 : 13

