=== Run information ===

Evaluator:    weka.attributeSelection.PrincipalComponents -R 0.95 -A 5
Search:       weka.attributeSelection.Ranker -T -1.7976931348623157E308 -N -1
Relation:     PC4
Instances:    1379
Attributes:   38
              LOC_BLANK
              BRANCH_COUNT
              CALL_PAIRS
              LOC_CODE_AND_COMMENT
              LOC_COMMENTS
              CONDITION_COUNT
              CYCLOMATIC_COMPLEXITY
              CYCLOMATIC_DENSITY
              DECISION_COUNT
              DECISION_DENSITY
              DESIGN_COMPLEXITY
              DESIGN_DENSITY
              EDGE_COUNT
              ESSENTIAL_COMPLEXITY
              ESSENTIAL_DENSITY
              LOC_EXECUTABLE
              PARAMETER_COUNT
              HALSTEAD_CONTENT
              HALSTEAD_DIFFICULTY
              HALSTEAD_EFFORT
              HALSTEAD_ERROR_EST
              HALSTEAD_LENGTH
              HALSTEAD_LEVEL
              HALSTEAD_PROG_TIME
              HALSTEAD_VOLUME
              MAINTENANCE_SEVERITY
              MODIFIED_CONDITION_COUNT
              MULTIPLE_CONDITION_COUNT
              NODE_COUNT
              NORMALIZED_CYLOMATIC_COMPLEXITY
              NUM_OPERANDS
              NUM_OPERATORS
              NUM_UNIQUE_OPERANDS
              NUM_UNIQUE_OPERATORS
              NUMBER_OF_LINES
              PERCENT_COMMENTS
              LOC_TOTAL
              Defective
Evaluation mode:    evaluate on all training data



=== Attribute Selection on all input data ===

Search Method:
	Attribute ranking.

Attribute Evaluator (unsupervised):
	Principal Components Attribute Transformer

Correlation matrix
  1      0.41   0.4    0.5    0.72   0.59   0.41  -0.35   0.59   0.38   0.27  -0.2    0.41   0.29   0.14   0.6   -0.05   0.19   0.49   0.36   0.39   0.44  -0.24   0.36   0.39  -0.21   0.58   0.57   0.4   -0.33   0.41   0.46   0.36   0.5    0.84   0.5    0.63  -0.17 
  0.41   1      0.54   0.32   0.36   0.58   0.98  -0.01   0.55   0.19   0.83  -0.35   0.94   0.78   0.39   0.75   0.09   0.08   0.68   0.53   0.45   0.52  -0.37   0.53   0.45  -0.28   0.59   0.57   0.91   0.04   0.49   0.52   0.38   0.71   0.57   0.07   0.73  -0.03 
  0.4    0.54   1      0.21   0.31   0.27   0.54  -0.21   0.28   0.1    0.65   0.1    0.6    0.4    0.16   0.52  -0.07   0.18   0.28   0.25   0.31   0.34  -0.19   0.25   0.31  -0.22   0.27   0.27   0.6   -0.16   0.32   0.35   0.4    0.49   0.45   0.18   0.5   -0.09 
  0.5    0.32   0.21   1      0.38   0.48   0.31  -0.23   0.48   0.27   0.16  -0.22   0.36   0.18   0.1    0.46  -0      0.34   0.46   0.56   0.57   0.59  -0.21   0.56   0.57  -0.18   0.47   0.46   0.37  -0.18   0.59   0.58   0.46   0.37   0.54   0.44   0.62  -0.42 
  0.72   0.36   0.31   0.38   1      0.55   0.33  -0.28   0.55   0.3    0.17  -0.2    0.34   0.28   0.13   0.48   0.02   0.11   0.39   0.27   0.28   0.33  -0.2    0.27   0.28  -0.14   0.55   0.55   0.33  -0.29   0.29   0.35   0.24   0.39   0.71   0.63   0.51  -0.08 
  0.59   0.58   0.27   0.48   0.55   1      0.54  -0.17   0.99   0.59   0.27  -0.39   0.5    0.4    0.23   0.59   0      0.06   0.57   0.35   0.31   0.37  -0.31   0.35   0.31  -0.27   0.99   0.98   0.47  -0.15   0.34   0.39   0.24   0.53   0.58   0.28   0.62  -0.2  
  0.41   0.98   0.54   0.31   0.33   0.54   1     -0.01   0.51   0.18   0.85  -0.35   0.93   0.77   0.38   0.76   0.09   0.08   0.69   0.53   0.45   0.51  -0.37   0.53   0.45  -0.3    0.55   0.53   0.89   0.04   0.49   0.51   0.38   0.73   0.56   0.06   0.73  -0.02 
 -0.35  -0.01  -0.21  -0.23  -0.28  -0.17  -0.01   1     -0.18  -0.25   0      0.01  -0.07   0.04   0.07  -0.32  -0.1   -0.17  -0.25  -0.14  -0.21  -0.25   0.07  -0.14  -0.21   0.11  -0.15  -0.16  -0.08   0.88  -0.24  -0.25  -0.25  -0.31  -0.33  -0.34  -0.33   0.24 
  0.59   0.55   0.28   0.48   0.55   0.99   0.51  -0.18   1      0.58   0.26  -0.38   0.49   0.33   0.18   0.58  -0      0.06   0.57   0.35   0.31   0.37  -0.32   0.35   0.31  -0.32   0.96   0.95   0.47  -0.16   0.34   0.39   0.24   0.52   0.57   0.28   0.62  -0.21 
  0.38   0.19   0.1    0.27   0.3    0.59   0.18  -0.25   0.58   1      0.05  -0.42   0.15   0.12   0.19   0.26  -0      0.02   0.3    0.11   0.12   0.16  -0.32   0.11   0.12  -0.37   0.59   0.58   0.13  -0.25   0.14   0.17   0.12   0.37   0.28   0.29   0.29  -0.29 
  0.27   0.83   0.65   0.16   0.17   0.27   0.85   0      0.26   0.05   1      0.02   0.84   0.61   0.25   0.62   0.02   0.09   0.48   0.43   0.38   0.43  -0.28   0.43   0.38  -0.27   0.27   0.26   0.81   0.05   0.41   0.43   0.35   0.57   0.41  -0.02   0.58   0.01 
 -0.2   -0.35   0.1   -0.22  -0.2   -0.39  -0.35   0.01  -0.38  -0.42   0.02   1     -0.26  -0.27  -0.34  -0.26  -0.18   0.03  -0.42  -0.15  -0.12  -0.16   0.38  -0.15  -0.12   0.38  -0.39  -0.38  -0.24   0.02  -0.15  -0.16  -0.08  -0.45  -0.22  -0.11  -0.28   0.11 
  0.41   0.94   0.6    0.36   0.34   0.5    0.93  -0.07   0.49   0.15   0.84  -0.26   1      0.69   0.31   0.79   0.06   0.33   0.65   0.57   0.61   0.64  -0.36   0.57   0.61  -0.28   0.49   0.49   0.99  -0.01   0.64   0.63   0.59   0.67   0.59   0.08   0.77  -0.06 
  0.29   0.78   0.4    0.18   0.28   0.4    0.77   0.04   0.33   0.12   0.61  -0.27   0.69   1      0.67   0.55   0.15   0.05   0.5    0.39   0.32   0.37  -0.24   0.39   0.32   0.16   0.44   0.41   0.66   0.07   0.35   0.37   0.26   0.51   0.41   0.04   0.53   0.06 
  0.14   0.39   0.16   0.1    0.13   0.23   0.38   0.07   0.18   0.19   0.25  -0.34   0.31   0.67   1      0.24   0.18   0      0.3    0.13   0.12   0.14  -0.24   0.13   0.12   0.32   0.27   0.24   0.29   0.1    0.14   0.14   0.11   0.39   0.18   0.02   0.23   0.05 
  0.6    0.75   0.52   0.46   0.48   0.59   0.76  -0.32   0.58   0.26   0.62  -0.26   0.79   0.55   0.24   1      0.06   0.37   0.73   0.71   0.75   0.81  -0.4    0.71   0.75  -0.28   0.58   0.57   0.78  -0.2    0.78   0.8    0.65   0.71   0.77   0.13   0.98  -0.16 
 -0.05   0.09  -0.07  -0      0.02   0      0.09  -0.1   -0     -0      0.02  -0.18   0.06   0.15   0.18   0.06   1     -0.03   0.15   0.04   0.01   0.03  -0.09   0.04   0.01   0.04   0      0.01   0.05  -0.06   0.05   0.01   0.01   0.12   0.04  -0.03   0.05   0.08 
  0.19   0.08   0.18   0.34   0.11   0.06   0.08  -0.17   0.06   0.02   0.09   0.03   0.33   0.05   0      0.37  -0.03   1      0.08   0.28   0.77   0.66  -0.07   0.28   0.77  -0.02   0.06   0.06   0.4   -0.13   0.69   0.62   0.91   0.1    0.29   0.08   0.4   -0.11 
  0.49   0.68   0.28   0.46   0.39   0.57   0.69  -0.25   0.57   0.3    0.48  -0.42   0.65   0.5    0.3    0.73   0.15   0.08   1      0.67   0.52   0.62  -0.51   0.67   0.52  -0.32   0.57   0.55   0.62  -0.16   0.59   0.63   0.32   0.76   0.58   0.16   0.74  -0.13 
  0.36   0.53   0.25   0.56   0.27   0.35   0.53  -0.14   0.35   0.11   0.43  -0.15   0.57   0.39   0.13   0.71   0.04   0.28   0.67   1      0.8    0.86  -0.23   1      0.8   -0.11   0.35   0.34   0.56  -0.08   0.85   0.85   0.47   0.43   0.54   0.09   0.75  -0.13 
  0.39   0.45   0.31   0.57   0.28   0.31   0.45  -0.21   0.31   0.12   0.38  -0.12   0.61   0.32   0.12   0.75   0.01   0.77   0.52   0.8    1      0.98  -0.25   0.8    1     -0.13   0.3    0.3    0.65  -0.13   0.98   0.96   0.87   0.41   0.57   0.11   0.79  -0.18 
  0.44   0.52   0.34   0.59   0.33   0.37   0.51  -0.25   0.37   0.16   0.43  -0.16   0.64   0.37   0.14   0.81   0.03   0.66   0.62   0.86   0.98   1     -0.32   0.86   0.98  -0.17   0.37   0.36   0.67  -0.16   0.98   0.99   0.8    0.48   0.63   0.14   0.84  -0.19 
 -0.24  -0.37  -0.19  -0.21  -0.2   -0.31  -0.37   0.07  -0.32  -0.32  -0.28   0.38  -0.36  -0.24  -0.24  -0.4   -0.09  -0.07  -0.51  -0.23  -0.25  -0.32   1     -0.23  -0.25   0.39  -0.31  -0.3   -0.34  -0.1   -0.29  -0.32  -0.22  -0.55  -0.26  -0.04  -0.4    0.1  
  0.36   0.53   0.25   0.56   0.27   0.35   0.53  -0.14   0.35   0.11   0.43  -0.15   0.57   0.39   0.13   0.71   0.04   0.28   0.67   1      0.8    0.86  -0.23   1      0.8   -0.11   0.35   0.34   0.56  -0.08   0.85   0.85   0.47   0.43   0.54   0.09   0.75  -0.13 
  0.39   0.45   0.31   0.57   0.28   0.31   0.45  -0.21   0.31   0.12   0.38  -0.12   0.61   0.32   0.12   0.75   0.01   0.77   0.52   0.8    1      0.98  -0.25   0.8    1     -0.13   0.3    0.3    0.65  -0.13   0.98   0.96   0.87   0.41   0.57   0.11   0.79  -0.18 
 -0.21  -0.28  -0.22  -0.18  -0.14  -0.27  -0.3    0.11  -0.32  -0.37  -0.27   0.38  -0.28   0.16   0.32  -0.28   0.04  -0.02  -0.32  -0.11  -0.13  -0.17   0.39  -0.11  -0.13   1     -0.24  -0.26  -0.27   0.11  -0.14  -0.18  -0.14  -0.45  -0.22  -0.06  -0.29   0.19 
  0.58   0.59   0.27   0.47   0.55   0.99   0.55  -0.15   0.96   0.59   0.27  -0.39   0.49   0.44   0.27   0.58   0      0.06   0.57   0.35   0.3    0.37  -0.31   0.35   0.3   -0.24   1      0.98   0.46  -0.14   0.33   0.38   0.23   0.52   0.57   0.27   0.61  -0.18 
  0.57   0.57   0.27   0.46   0.55   0.98   0.53  -0.16   0.95   0.58   0.26  -0.38   0.49   0.41   0.24   0.57   0.01   0.06   0.55   0.34   0.3    0.36  -0.3    0.34   0.3   -0.26   0.98   1      0.46  -0.14   0.33   0.38   0.23   0.51   0.56   0.27   0.6   -0.18 
  0.4    0.91   0.6    0.37   0.33   0.47   0.89  -0.08   0.47   0.13   0.81  -0.24   0.99   0.66   0.29   0.78   0.05   0.4    0.62   0.56   0.65   0.67  -0.34   0.56   0.65  -0.27   0.46   0.46   1     -0.02   0.67   0.64   0.64   0.63   0.58   0.08   0.77  -0.07 
 -0.33   0.04  -0.16  -0.18  -0.29  -0.15   0.04   0.88  -0.16  -0.25   0.05   0.02  -0.01   0.07   0.1   -0.2   -0.06  -0.13  -0.16  -0.08  -0.13  -0.16  -0.1   -0.08  -0.13   0.11  -0.14  -0.14  -0.02   1     -0.15  -0.17  -0.17  -0.22  -0.29  -0.41  -0.22   0.18 
  0.41   0.49   0.32   0.59   0.29   0.34   0.49  -0.24   0.34   0.14   0.41  -0.15   0.64   0.35   0.14   0.78   0.05   0.69   0.59   0.85   0.98   0.98  -0.29   0.85   0.98  -0.14   0.33   0.33   0.67  -0.15   1      0.93   0.84   0.44   0.6    0.12   0.81  -0.19 
  0.46   0.52   0.35   0.58   0.35   0.39   0.51  -0.25   0.39   0.17   0.43  -0.16   0.63   0.37   0.14   0.8    0.01   0.62   0.63   0.85   0.96   0.99  -0.32   0.85   0.96  -0.18   0.38   0.38   0.64  -0.17   0.93   1      0.75   0.51   0.63   0.15   0.83  -0.19 
  0.36   0.38   0.4    0.46   0.24   0.24   0.38  -0.25   0.24   0.12   0.35  -0.08   0.59   0.26   0.11   0.65   0.01   0.91   0.32   0.47   0.87   0.8   -0.22   0.47   0.87  -0.14   0.23   0.23   0.64  -0.17   0.84   0.75   1      0.4    0.5    0.13   0.67  -0.16 
  0.5    0.71   0.49   0.37   0.39   0.53   0.73  -0.31   0.52   0.37   0.57  -0.45   0.67   0.51   0.39   0.71   0.12   0.1    0.76   0.43   0.41   0.48  -0.55   0.43   0.41  -0.45   0.52   0.51   0.63  -0.22   0.44   0.51   0.4    1      0.56   0.18   0.71  -0.12 
  0.84   0.57   0.45   0.54   0.71   0.58   0.56  -0.33   0.57   0.28   0.41  -0.22   0.59   0.41   0.18   0.77   0.04   0.29   0.58   0.54   0.57   0.63  -0.26   0.54   0.57  -0.22   0.57   0.56   0.58  -0.29   0.6    0.63   0.5    0.56   1      0.42   0.79  -0.17 
  0.5    0.07   0.18   0.44   0.63   0.28   0.06  -0.34   0.28   0.29  -0.02  -0.11   0.08   0.04   0.02   0.13  -0.03   0.08   0.16   0.09   0.11   0.14  -0.04   0.09   0.11  -0.06   0.27   0.27   0.08  -0.41   0.12   0.15   0.13   0.18   0.42   1      0.21  -0.28 
  0.63   0.73   0.5    0.62   0.51   0.62   0.73  -0.33   0.62   0.29   0.58  -0.28   0.77   0.53   0.23   0.98   0.05   0.4    0.74   0.75   0.79   0.84  -0.4    0.75   0.79  -0.29   0.61   0.6    0.77  -0.22   0.81   0.83   0.67   0.71   0.79   0.21   1     -0.23 
 -0.17  -0.03  -0.09  -0.42  -0.08  -0.2   -0.02   0.24  -0.21  -0.29   0.01   0.11  -0.06   0.06   0.05  -0.16   0.08  -0.11  -0.13  -0.13  -0.18  -0.19   0.1   -0.13  -0.18   0.19  -0.18  -0.18  -0.07   0.18  -0.19  -0.19  -0.16  -0.12  -0.17  -0.28  -0.23   1    


eigenvalue	proportion	cumulative
 16.49139	  0.43398	  0.43398	-0.235LOC_TOTAL-0.228LOC_EXECUTABLE-0.211HALSTEAD_LENGTH-0.21NUM_OPERATORS-0.209EDGE_COUNT...
  4.42492	  0.11645	  0.55043	-0.292HALSTEAD_CONTENT+0.272MODIFIED_CONDITION_COUNT+0.271CONDITION_COUNT+0.269MULTIPLE_CONDITION_COUNT+0.264DECISION_COUNT...
  3.54747	  0.09335	  0.64378	0.316NORMALIZED_CYLOMATIC_COMPLEXITY+0.298DESIGN_COMPLEXITY+0.298CYCLOMATIC_DENSITY+0.282ESSENTIAL_COMPLEXITY-0.281PERCENT_COMMENTS...
  1.98288	  0.05218	  0.69596	0.399CALL_PAIRS-0.36NORMALIZED_CYLOMATIC_COMPLEXITY-0.34CYCLOMATIC_DENSITY+0.29 DESIGN_DENSITY+0.254DESIGN_COMPLEXITY...
  1.71099	  0.04503	  0.74099	0.621MAINTENANCE_SEVERITY+0.323ESSENTIAL_DENSITY+0.316HALSTEAD_LEVEL+0.273ESSENTIAL_COMPLEXITY-0.216NUM_UNIQUE_OPERATORS...
  1.55403	  0.0409 	  0.78189	0.493PARAMETER_COUNT+0.374ESSENTIAL_DENSITY-0.309CYCLOMATIC_DENSITY-0.307DESIGN_DENSITY-0.27NORMALIZED_CYLOMATIC_COMPLEXITY...
  1.31564	  0.03462	  0.81651	0.487HALSTEAD_CONTENT+0.398NUM_UNIQUE_OPERANDS-0.391HALSTEAD_EFFORT-0.391HALSTEAD_PROG_TIME+0.275ESSENTIAL_DENSITY...
  1.07709	  0.02834	  0.84485	0.447PERCENT_COMMENTS+0.314NORMALIZED_CYLOMATIC_COMPLEXITY-0.296Defective=N+0.295CYCLOMATIC_DENSITY+0.276LOC_CODE_AND_COMMENT...
  1.02019	  0.02685	  0.8717 	0.667Defective=N+0.355LOC_COMMENTS+0.235LOC_BLANK+0.218NUMBER_OF_LINES-0.208LOC_CODE_AND_COMMENT...
  0.83142	  0.02188	  0.89358	-0.723PARAMETER_COUNT-0.29HALSTEAD_LEVEL+0.265ESSENTIAL_DENSITY+0.237Defective=N-0.204LOC_CODE_AND_COMMENT...
  0.68549	  0.01804	  0.91162	-0.54DESIGN_DENSITY+0.503HALSTEAD_LEVEL-0.357PARAMETER_COUNT-0.267CALL_PAIRS-0.213NORMALIZED_CYLOMATIC_COMPLEXITY...
  0.51948	  0.01367	  0.92529	0.552DECISION_DENSITY+0.406PERCENT_COMMENTS+0.366Defective=N-0.255NUMBER_OF_LINES-0.212LOC_EXECUTABLE...
  0.48966	  0.01289	  0.93818	0.453DECISION_DENSITY+0.372HALSTEAD_LEVEL+0.307LOC_BLANK+0.298NUMBER_OF_LINES-0.29PERCENT_COMMENTS...
  0.42153	  0.01109	  0.94927	0.6  LOC_CODE_AND_COMMENT+0.37 CALL_PAIRS+0.321Defective=N-0.291LOC_COMMENTS+0.255NUM_UNIQUE_OPERATORS...
  0.33039	  0.00869	  0.95796	-0.586CALL_PAIRS+0.349LOC_BLANK-0.294LOC_COMMENTS+0.286DESIGN_DENSITY+0.281LOC_CODE_AND_COMMENT...

Eigenvectors
 V1	 V2	 V3	 V4	 V5	 V6	 V7	 V8	 V9	 V10	 V11	 V12	 V13	 V14	 V15	
-0.1614	 0.1329	-0.182 	 0.1626	 0.1265	-0.0638	-0.038 	 0.1743	 0.2352	 0.0963	-0.0792	-0.207 	 0.3066	 0.1034	 0.3487	LOC_BLANK
-0.1985	 0.0967	 0.2622	 0.078 	-0.0141	-0.0354	-0.0342	-0.0119	-0.0472	-0.1018	 0.1501	-0.0146	-0.0859	-0.0912	 0.0589	BRANCH_COUNT
-0.1301	 0.0183	 0.1026	 0.399 	-0.0621	-0.1872	 0.095 	 0.0504	-0.1112	 0.0475	-0.2669	 0.1707	 0.1821	 0.3699	-0.5859	CALL_PAIRS
-0.1551	-0.0217	-0.2003	-0.1173	 0.0656	-0.0321	-0.0733	 0.2756	-0.208 	-0.2044	-0.0298	 0.0249	-0.2487	 0.5999	 0.2807	LOC_CODE_AND_COMMENT
-0.1344	 0.1648	-0.1747	 0.1607	 0.2144	-0.0383	-0.0399	 0.233 	 0.3546	-0.0246	 0.007 	 0.0056	-0.0141	-0.2908	-0.2941	LOC_COMMENTS
-0.1702	 0.271 	-0.0829	-0.1593	 0.1028	-0.1583	 0.0359	-0.2128	-0.022 	-0.04  	-0.0596	-0.015 	-0.0979	 0.027 	-0.055 	CONDITION_COUNT
-0.1962	 0.0869	 0.2694	 0.0901	-0.0394	-0.0235	-0.0468	 0.0099	-0.0391	-0.0946	 0.1509	-0.0255	-0.0388	-0.0443	 0.1145	CYCLOMATIC_COMPLEXITY
 0.0699	-0.0158	 0.2978	-0.3395	 0.1253	-0.3091	 0.0327	 0.2947	 0.1385	-0.1252	 0.0099	 0.0984	 0.1635	 0.0336	-0.0217	CYCLOMATIC_DENSITY
-0.168 	 0.2644	-0.0977	-0.1516	 0.0633	-0.1744	 0.0229	-0.2126	-0.007 	-0.0582	-0.0727	-0.0285	-0.1069	 0.0502	-0.0637	DECISION_COUNT
-0.0903	 0.2401	-0.1714	-0.1547	-0.1374	 0.0429	 0.2015	-0.0565	-0.1694	 0.1555	-0.0105	 0.5517	 0.4534	-0.1742	 0.2537	DECISION_DENSITY
-0.1545	-0.0049	 0.298 	 0.2536	-0.1083	-0.1265	-0.0628	 0.0044	-0.1096	-0.0496	-0.0567	 0.1964	 0.0366	-0.0709	 0.2648	DESIGN_COMPLEXITY
 0.0848	-0.184 	-0.0165	 0.2901	 0.174 	-0.3071	-0.1611	-0.1635	-0.1054	 0.036 	-0.5397	 0.1822	-0.1121	-0.1013	 0.2855	DESIGN_DENSITY
-0.209 	-0.0059	 0.2189	 0.1177	-0.0494	-0.0795	 0.0775	-0.0159	-0.0291	-0.1269	 0.1368	 0.0012	-0.1098	-0.0894	 0.0643	EDGE_COUNT
-0.1471	 0.0763	 0.2821	 0.0678	 0.273 	 0.1663	 0.0768	 0.0254	-0.1434	 0.048 	 0.0869	-0.0159	 0.0105	-0.1407	 0.0037	ESSENTIAL_COMPLEXITY
-0.075 	 0.0987	 0.2009	-0.0598	 0.3234	 0.3742	 0.2746	 0.1456	-0.198 	 0.2647	-0.0464	 0.043 	 0.1246	 0.1942	-0.0273	ESSENTIAL_DENSITY
-0.2285	-0.0266	 0.026 	 0.057 	-0.0345	 0.0101	-0.0519	-0.0925	 0.0516	 0.0708	-0.0679	-0.2116	 0.1472	-0.1108	-0.0682	LOC_EXECUTABLE
-0.0148	 0.0199	 0.0594	-0.0264	 0.0141	 0.4926	 0.0286	-0.1505	 0.193 	-0.7229	-0.3575	 0.1109	 0.1441	 0.0087	-0.0179	PARAMETER_COUNT
-0.1065	-0.2917	-0.1367	-0.0174	 0.0224	-0.0843	 0.487 	-0.0594	 0.0873	-0.0528	 0.0532	-0.0182	-0.0905	-0.0143	 0.0733	HALSTEAD_CONTENT
-0.1943	 0.0748	 0.0483	-0.0811	-0.0993	 0.2041	-0.2339	 0.0033	 0.0255	 0.102 	-0.0301	-0.0667	-0.1983	 0.007 	 0.102 	HALSTEAD_DIFFICULTY
-0.1883	-0.1638	 0.0003	-0.1502	 0.0506	 0.0547	-0.3914	-0.0034	-0.0603	 0.0423	 0.0348	 0.1629	 0.0765	 0.0001	-0.1028	HALSTEAD_EFFORT
-0.1982	-0.2608	-0.072 	-0.0972	 0.0219	-0.0087	 0.066 	-0.0228	 0.024 	 0.0125	 0.0176	 0.0505	 0.0159	-0.028 	-0.0282	HALSTEAD_ERROR_EST
-0.2111	-0.2194	-0.0659	-0.0926	 0.0054	 0.0242	-0.034 	-0.0162	 0.0169	 0.0488	-0.0182	 0.0512	 0.0211	-0.0432	-0.0683	HALSTEAD_LENGTH
 0.1085	-0.089 	-0.0685	 0.1558	 0.3158	-0.1642	-0.1229	-0.2578	-0.159 	-0.2904	 0.5033	-0.0148	 0.3723	 0.2201	-0.023 	HALSTEAD_LEVEL
-0.1883	-0.1638	 0.0003	-0.1502	 0.0506	 0.0547	-0.3914	-0.0034	-0.0603	 0.0423	 0.0348	 0.1629	 0.0765	 0.0001	-0.1028	HALSTEAD_PROG_TIME
-0.1983	-0.2607	-0.0721	-0.0972	 0.0221	-0.0089	 0.0661	-0.0226	 0.024 	 0.0125	 0.0174	 0.0504	 0.0162	-0.0286	-0.028 	HALSTEAD_VOLUME
 0.0768	-0.1104	 0.0465	 0.0252	 0.6212	 0.1493	 0.0278	-0.0601	-0.1772	 0.1168	-0.1435	-0.0877	-0.1372	-0.1213	 0.0317	MAINTENANCE_SEVERITY
-0.1692	 0.2718	-0.07  	-0.1628	 0.1322	-0.1432	 0.0455	-0.2096	-0.0334	-0.025 	-0.0484	-0.0043	-0.0892	 0.0083	-0.0472	MODIFIED_CONDITION_COUNT
-0.1664	 0.2685	-0.077 	-0.1583	 0.1167	-0.1551	 0.0442	-0.2153	-0.0217	-0.0448	-0.055 	 0.0058	-0.1026	 0.0014	-0.0806	MULTIPLE_CONDITION_COUNT
-0.2072	-0.0333	 0.2004	 0.1222	-0.0527	-0.092 	 0.1114	-0.0181	-0.0268	-0.1352	 0.1343	 0.01  	-0.1239	-0.0977	 0.0564	NODE_COUNT
 0.0502	-0.0375	 0.3164	-0.3598	 0.076 	-0.2704	 0.0425	 0.3138	 0.1188	-0.0766	-0.2128	-0.0347	 0.0942	 0.0023	-0.0191	NORMALIZED_CYLOMATIC_COMPLEXITY
-0.2048	-0.2373	-0.0632	-0.0955	 0.0113	 0.0263	-0.001 	-0.0218	 0.007 	 0.0002	-0.0021	 0.0517	 0.0055	-0.0347	-0.0218	NUM_OPERANDS
-0.2097	-0.2006	-0.066 	-0.0879	 0.001 	 0.0221	-0.0566	-0.0117	 0.0234	 0.0821	-0.0291	 0.0495	 0.0316	-0.048 	-0.0995	NUM_OPERATORS
-0.17  	-0.2381	-0.0761	 0.0408	-0.0226	-0.0538	 0.3978	-0.0346	 0.0583	-0.0468	 0.012 	-0.0318	-0.0306	 0.0416	 0.0421	NUM_UNIQUE_OPERANDS
-0.1842	 0.1275	 0.0798	 0.0915	-0.2163	 0.1941	 0.036 	 0.0526	 0.0222	 0.1657	-0.0457	-0.0581	-0.0452	 0.2548	-0.0025	NUM_UNIQUE_OPERATORS
-0.1963	 0.0528	-0.112 	 0.1466	 0.121 	-0.0264	-0.0716	 0.1392	 0.2181	-0.0128	-0.0417	-0.2547	 0.2983	 0.0068	 0.1915	NUMBER_OF_LINES
-0.0666	 0.122 	-0.2807	 0.2166	 0.1534	 0.0313	-0.0089	 0.4472	 0.011 	-0.1578	 0.1826	 0.4057	-0.2904	-0.1387	-0.048 	PERCENT_COMMENTS
-0.2349	-0.0281	-0.02  	 0.0252	-0.0164	 0.0021	-0.0616	-0.0226	 0.0009	 0.0187	-0.0663	-0.1815	 0.0766	 0.0307	-0     	LOC_TOTAL
 0.0531	-0.0244	 0.2068	 0.0482	 0.1625	 0.0478	-0.0315	-0.2959	 0.6672	 0.2369	 0.1402	 0.3657	-0.1451	 0.321 	 0.1088	Defective=N

Ranked attributes:
 0.566    1 -0.235LOC_TOTAL-0.228LOC_EXECUTABLE-0.211HALSTEAD_LENGTH-0.21NUM_OPERATORS-0.209EDGE_COUNT...
 0.4496   2 -0.292HALSTEAD_CONTENT+0.272MODIFIED_CONDITION_COUNT+0.271CONDITION_COUNT+0.269MULTIPLE_CONDITION_COUNT+0.264DECISION_COUNT...
 0.3562   3 0.316NORMALIZED_CYLOMATIC_COMPLEXITY+0.298DESIGN_COMPLEXITY+0.298CYCLOMATIC_DENSITY+0.282ESSENTIAL_COMPLEXITY-0.281PERCENT_COMMENTS...
 0.304    4 0.399CALL_PAIRS-0.36NORMALIZED_CYLOMATIC_COMPLEXITY-0.34CYCLOMATIC_DENSITY+0.29 DESIGN_DENSITY+0.254DESIGN_COMPLEXITY...
 0.259    5 0.621MAINTENANCE_SEVERITY+0.323ESSENTIAL_DENSITY+0.316HALSTEAD_LEVEL+0.273ESSENTIAL_COMPLEXITY-0.216NUM_UNIQUE_OPERATORS...
 0.2181   6 0.493PARAMETER_COUNT+0.374ESSENTIAL_DENSITY-0.309CYCLOMATIC_DENSITY-0.307DESIGN_DENSITY-0.27NORMALIZED_CYLOMATIC_COMPLEXITY...
 0.1835   7 0.487HALSTEAD_CONTENT+0.398NUM_UNIQUE_OPERANDS-0.391HALSTEAD_EFFORT-0.391HALSTEAD_PROG_TIME+0.275ESSENTIAL_DENSITY...
 0.1551   8 0.447PERCENT_COMMENTS+0.314NORMALIZED_CYLOMATIC_COMPLEXITY-0.296Defective=N+0.295CYCLOMATIC_DENSITY+0.276LOC_CODE_AND_COMMENT...
 0.1283   9 0.667Defective=N+0.355LOC_COMMENTS+0.235LOC_BLANK+0.218NUMBER_OF_LINES-0.208LOC_CODE_AND_COMMENT...
 0.1064  10 -0.723PARAMETER_COUNT-0.29HALSTEAD_LEVEL+0.265ESSENTIAL_DENSITY+0.237Defective=N-0.204LOC_CODE_AND_COMMENT...
 0.0884  11 -0.54DESIGN_DENSITY+0.503HALSTEAD_LEVEL-0.357PARAMETER_COUNT-0.267CALL_PAIRS-0.213NORMALIZED_CYLOMATIC_COMPLEXITY...
 0.0747  12 0.552DECISION_DENSITY+0.406PERCENT_COMMENTS+0.366Defective=N-0.255NUMBER_OF_LINES-0.212LOC_EXECUTABLE...
 0.0618  13 0.453DECISION_DENSITY+0.372HALSTEAD_LEVEL+0.307LOC_BLANK+0.298NUMBER_OF_LINES-0.29PERCENT_COMMENTS...
 0.0507  14 0.6  LOC_CODE_AND_COMMENT+0.37 CALL_PAIRS+0.321Defective=N-0.291LOC_COMMENTS+0.255NUM_UNIQUE_OPERATORS...
 0.042   15 -0.586CALL_PAIRS+0.349LOC_BLANK-0.294LOC_COMMENTS+0.286DESIGN_DENSITY+0.281LOC_CODE_AND_COMMENT...

Selected attributes: 1,2,3,4,5,6,7,8,9,10,11,12,13,14,15 : 15

