=== Run information ===

Evaluator:    weka.attributeSelection.PrincipalComponents -R 0.95 -A 5
Search:       weka.attributeSelection.Ranker -T -1.7976931348623157E308 -N -1
Relation:     PC5
Instances:    16962
Attributes:   39
              LOC_BLANK
              BRANCH_COUNT
              CALL_PAIRS
              LOC_CODE_AND_COMMENT
              LOC_COMMENTS
              CONDITION_COUNT
              CYCLOMATIC_COMPLEXITY
              CYCLOMATIC_DENSITY
              DECISION_COUNT
              DESIGN_COMPLEXITY
              DESIGN_DENSITY
              EDGE_COUNT
              ESSENTIAL_COMPLEXITY
              ESSENTIAL_DENSITY
              LOC_EXECUTABLE
              PARAMETER_COUNT
              GLOBAL_DATA_COMPLEXITY
              GLOBAL_DATA_DENSITY
              HALSTEAD_CONTENT
              HALSTEAD_DIFFICULTY
              HALSTEAD_EFFORT
              HALSTEAD_ERROR_EST
              HALSTEAD_LENGTH
              HALSTEAD_LEVEL
              HALSTEAD_PROG_TIME
              HALSTEAD_VOLUME
              MAINTENANCE_SEVERITY
              MODIFIED_CONDITION_COUNT
              MULTIPLE_CONDITION_COUNT
              NODE_COUNT
              NORMALIZED_CYLOMATIC_COMPLEXITY
              NUM_OPERANDS
              NUM_OPERATORS
              NUM_UNIQUE_OPERANDS
              NUM_UNIQUE_OPERATORS
              NUMBER_OF_LINES
              PERCENT_COMMENTS
              LOC_TOTAL
              Defective
Evaluation mode:    evaluate on all training data



=== Attribute Selection on all input data ===

Search Method:
	Attribute ranking.

Attribute Evaluator (unsupervised):
	Principal Components Attribute Transformer

Correlation matrix
  1      0.43   0.52   0.29   0.74   0.41   0.43  -0.17   0.37   0.42  -0.19   0.6    0.37   0.24   0.79  -0.01   0.3    0.04   0.26   0.45   0.64   0.67   0.73  -0.09   0.64   0.67  -0.23   0.43   0.4    0.63  -0.11   0.73   0.73   0.49   0.31   0.85   0.16   0.79  -0.26 
  0.43   1      0.45   0.46   0.59   0.99   1     -0.16   0.95   0.67  -0.33   0.9    0.85   0.33   0.66  -0      0.89   0.09   0.16   0.63   0.65   0.49   0.56  -0.11   0.65   0.49  -0.3    0.99   0.98   0.85  -0.08   0.58   0.54   0.4    0.49   0.66   0.18   0.67  -0.34 
  0.52   0.45   1      0.36   0.53   0.44   0.45  -0.29   0.42   0.53  -0.17   0.56   0.33   0.29   0.55   0.02   0.38   0.22   0.19   0.47   0.39   0.42   0.48  -0.12   0.39   0.42  -0.33   0.44   0.42   0.57  -0.19   0.49   0.47   0.43   0.52   0.58   0.23   0.55  -0.37 
  0.29   0.46   0.36   1      0.41   0.45   0.47  -0.22   0.44   0.44  -0.25   0.46   0.34   0.23   0.35   0.01   0.43   0.11   0.08   0.46   0.35   0.27   0.31  -0.13   0.35   0.27  -0.31   0.45   0.43   0.44  -0.12   0.33   0.3    0.26   0.44   0.41   0.44   0.4   -0.35 
  0.74   0.59   0.53   0.41   1      0.56   0.59  -0.16   0.51   0.51  -0.2    0.71   0.52   0.25   0.81  -0.01   0.44   0.04   0.24   0.54   0.79   0.71   0.77  -0.09   0.79   0.71  -0.21   0.59   0.55   0.72  -0.1    0.77   0.76   0.49   0.36   0.89   0.21   0.82  -0.29 
  0.41   0.99   0.44   0.45   0.56   1      0.98  -0.16   0.98   0.66  -0.33   0.9    0.8    0.31   0.65  -0      0.9    0.1    0.16   0.59   0.62   0.48   0.55  -0.11   0.62   0.48  -0.31   0.99   0.99   0.85  -0.08   0.58   0.53   0.4    0.45   0.64   0.18   0.66  -0.33 
  0.43   1      0.45   0.47   0.59   0.98   1     -0.16   0.94   0.7   -0.33   0.9    0.83   0.33   0.66  -0      0.9    0.09   0.15   0.66   0.66   0.48   0.56  -0.11   0.66   0.48  -0.32   0.98   0.97   0.84  -0.08   0.58   0.54   0.4    0.52   0.66   0.18   0.67  -0.35 
 -0.17  -0.16  -0.29  -0.22  -0.16  -0.16  -0.16   1     -0.17  -0.16   0.31  -0.19  -0.1   -0.18  -0.2   -0.06  -0.19  -0.38  -0.11  -0.3   -0.11  -0.14  -0.17  -0.23  -0.11  -0.14   0.38  -0.15  -0.15  -0.19   0.72  -0.18  -0.17  -0.21  -0.51  -0.21  -0.38  -0.21   0.24 
  0.37   0.95   0.42   0.44   0.51   0.98   0.94  -0.17   1      0.67  -0.32   0.89   0.72   0.27   0.62  -0.01   0.92   0.1    0.17   0.56   0.56   0.46   0.53  -0.11   0.56   0.46  -0.33   0.95   0.96   0.84  -0.08   0.56   0.5    0.4    0.45   0.6    0.17   0.63  -0.31 
  0.42   0.67   0.53   0.44   0.51   0.66   0.7   -0.16   0.67   1     -0.13   0.7    0.59   0.26   0.57   0.01   0.69   0.09   0.15   0.59   0.56   0.44   0.49  -0.1    0.56   0.44  -0.3    0.64   0.65   0.68  -0.08   0.52   0.47   0.4    0.52   0.58   0.16   0.59  -0.34 
 -0.19  -0.33  -0.17  -0.25  -0.2   -0.33  -0.33   0.31  -0.32  -0.13   1     -0.3   -0.23  -0.47  -0.23   0.01  -0.33  -0.29  -0.08  -0.42  -0.14  -0.15  -0.19   0.22  -0.14  -0.15   0.76  -0.33  -0.32  -0.28   0.16  -0.2   -0.18  -0.21  -0.59  -0.24  -0.43  -0.24   0.22 
  0.6    0.9    0.56   0.46   0.71   0.9    0.9   -0.19   0.89   0.7   -0.3    1      0.71   0.31   0.83  -0      0.82   0.1    0.34   0.64   0.75   0.74   0.79  -0.12   0.75   0.73  -0.32   0.9    0.89   0.99  -0.11   0.83   0.76   0.62   0.48   0.83   0.18   0.84  -0.35 
  0.37   0.85   0.33   0.34   0.52   0.8    0.83  -0.1    0.72   0.59  -0.23   0.71   1      0.39   0.53   0      0.65   0.04   0.11   0.48   0.56   0.38   0.44  -0.07   0.56   0.38  -0.1    0.85   0.81   0.66  -0.05   0.45   0.43   0.28   0.33   0.54   0.12   0.54  -0.25 
  0.24   0.33   0.29   0.23   0.25   0.31   0.33  -0.18   0.27   0.26  -0.47   0.31   0.39   1      0.28   0.04   0.3    0.16   0.08   0.4    0.18   0.18   0.23  -0.15   0.18   0.18  -0.14   0.33   0.31   0.3   -0.07   0.23   0.22   0.21   0.48   0.29   0.27   0.29  -0.26 
  0.79   0.66   0.55   0.35   0.81   0.65   0.66  -0.2    0.62   0.57  -0.23   0.83   0.53   0.28   1     -0.01   0.56   0.06   0.48   0.61   0.83   0.88   0.93  -0.1    0.83   0.88  -0.26   0.65   0.64   0.85  -0.12   0.92   0.93   0.71   0.4    0.98   0.14   1     -0.3  
 -0.01  -0      0.02   0.01  -0.01  -0     -0     -0.06  -0.01   0.01   0.01  -0      0      0.04  -0.01   1      0.02   0.21   0.01   0.03  -0.01  -0.01  -0     -0.03  -0.01  -0.01   0     -0     -0     -0     -0.07  -0     -0.01   0.02   0.1   -0.01   0.02  -0.01   0    
  0.3    0.89   0.38   0.43   0.44   0.9    0.9   -0.19   0.92   0.69  -0.33   0.82   0.65   0.3    0.56   0.02   1      0.22   0.14   0.62   0.54   0.4    0.46  -0.1    0.54   0.4   -0.35   0.87   0.88   0.77  -0.1    0.5    0.44   0.36   0.53   0.54   0.18   0.57  -0.33 
  0.04   0.09   0.22   0.11   0.04   0.1    0.09  -0.38   0.1    0.09  -0.29   0.1    0.04   0.16   0.06   0.21   0.22   1      0.06   0.21   0.03   0.04   0.06   0.08   0.03   0.04  -0.33   0.09   0.09   0.1   -0.31   0.06   0.05   0.12   0.42   0.07   0.19   0.07  -0.16 
  0.26   0.16   0.19   0.08   0.24   0.16   0.15  -0.11   0.17   0.15  -0.08   0.34   0.11   0.08   0.48   0.01   0.14   0.06   1      0.13   0.29   0.77   0.68  -0.02   0.29   0.77  -0.1    0.16   0.16   0.38  -0.07   0.64   0.7    0.92   0.13   0.43   0.06   0.48  -0.09 
  0.45   0.63   0.47   0.46   0.54   0.59   0.66  -0.3    0.56   0.59  -0.42   0.64   0.48   0.4    0.61   0.03   0.62   0.21   0.13   1      0.68   0.42   0.51  -0.13   0.68   0.42  -0.46   0.6    0.6    0.61  -0.18   0.52   0.51   0.36   0.73   0.61   0.3    0.62  -0.43 
  0.64   0.65   0.39   0.35   0.79   0.62   0.66  -0.11   0.56   0.56  -0.14   0.75   0.56   0.18   0.83  -0.01   0.54   0.03   0.29   0.68   1      0.74   0.81  -0.06   1      0.74  -0.15   0.64   0.64   0.75  -0.07   0.8    0.8    0.49   0.32   0.84   0.09   0.83  -0.25 
  0.67   0.49   0.42   0.27   0.71   0.48   0.48  -0.14   0.46   0.44  -0.15   0.74   0.38   0.18   0.88  -0.01   0.4    0.04   0.77   0.42   0.74   1      0.99  -0.07   0.74   1     -0.17   0.49   0.47   0.78  -0.08   0.98   0.99   0.9    0.27   0.86   0.1    0.87  -0.22 
  0.73   0.56   0.48   0.31   0.77   0.55   0.56  -0.17   0.53   0.49  -0.19   0.79   0.44   0.23   0.93  -0      0.46   0.06   0.68   0.51   0.81   0.99   1     -0.09   0.81   0.99  -0.21   0.56   0.54   0.83  -0.1    0.99   1      0.85   0.33   0.92   0.13   0.93  -0.26 
 -0.09  -0.11  -0.12  -0.13  -0.09  -0.11  -0.11  -0.23  -0.11  -0.1    0.22  -0.12  -0.07  -0.15  -0.1   -0.03  -0.1    0.08  -0.02  -0.13  -0.06  -0.07  -0.09   1     -0.06  -0.07   0.24  -0.11  -0.11  -0.12  -0.22  -0.09  -0.09  -0.08  -0.18  -0.11  -0.21  -0.1    0.13 
  0.64   0.65   0.39   0.35   0.79   0.62   0.66  -0.11   0.56   0.56  -0.14   0.75   0.56   0.18   0.83  -0.01   0.54   0.03   0.29   0.68   1      0.74   0.81  -0.06   1      0.74  -0.15   0.64   0.64   0.75  -0.07   0.8    0.8    0.49   0.32   0.84   0.09   0.83  -0.25 
  0.67   0.49   0.42   0.27   0.71   0.48   0.48  -0.14   0.46   0.44  -0.15   0.73   0.38   0.18   0.88  -0.01   0.4    0.04   0.77   0.42   0.74   1      0.99  -0.07   0.74   1     -0.17   0.49   0.47   0.78  -0.08   0.98   0.99   0.9    0.27   0.86   0.1    0.87  -0.22 
 -0.23  -0.3   -0.33  -0.31  -0.21  -0.31  -0.32   0.38  -0.33  -0.3    0.76  -0.32  -0.1   -0.14  -0.26   0     -0.35  -0.33  -0.1   -0.46  -0.15  -0.17  -0.21   0.24  -0.15  -0.17   1     -0.29  -0.3   -0.31   0.21  -0.23  -0.2   -0.26  -0.66  -0.27  -0.46  -0.27   0.35 
  0.43   0.99   0.44   0.45   0.59   0.99   0.98  -0.15   0.95   0.64  -0.33   0.9    0.85   0.33   0.65  -0      0.87   0.09   0.16   0.6    0.64   0.49   0.56  -0.11   0.64   0.49  -0.29   1      0.99   0.85  -0.08   0.58   0.54   0.39   0.45   0.65   0.18   0.66  -0.33 
  0.4    0.98   0.42   0.43   0.55   0.99   0.97  -0.15   0.96   0.65  -0.32   0.89   0.81   0.31   0.64  -0      0.88   0.09   0.16   0.6    0.64   0.47   0.54  -0.11   0.64   0.47  -0.3    0.99   1      0.84  -0.08   0.57   0.52   0.38   0.45   0.63   0.17   0.65  -0.32 
  0.63   0.85   0.57   0.44   0.72   0.85   0.84  -0.19   0.84   0.68  -0.28   0.99   0.66   0.3    0.85  -0      0.77   0.1    0.38   0.61   0.75   0.78   0.83  -0.12   0.75   0.78  -0.31   0.85   0.84   1     -0.11   0.87   0.8    0.66   0.46   0.84   0.18   0.86  -0.34 
 -0.11  -0.08  -0.19  -0.12  -0.1   -0.08  -0.08   0.72  -0.08  -0.08   0.16  -0.11  -0.05  -0.07  -0.12  -0.07  -0.1   -0.31  -0.07  -0.18  -0.07  -0.08  -0.1   -0.22  -0.07  -0.08   0.21  -0.08  -0.08  -0.11   1     -0.11  -0.1   -0.13  -0.34  -0.13  -0.24  -0.12   0.14 
  0.73   0.58   0.49   0.33   0.77   0.58   0.58  -0.18   0.56   0.52  -0.2    0.83   0.45   0.23   0.92  -0      0.5    0.06   0.64   0.52   0.8    0.98   0.99  -0.09   0.8    0.98  -0.23   0.58   0.57   0.87  -0.11   1      0.98   0.84   0.34   0.92   0.14   0.92  -0.27 
  0.73   0.54   0.47   0.3    0.76   0.53   0.54  -0.17   0.5    0.47  -0.18   0.76   0.43   0.22   0.93  -0.01   0.44   0.05   0.7    0.51   0.8    0.99   1     -0.09   0.8    0.99  -0.2    0.54   0.52   0.8   -0.1    0.98   1      0.85   0.31   0.91   0.12   0.93  -0.25 
  0.49   0.4    0.43   0.26   0.49   0.4    0.4   -0.21   0.4    0.4   -0.21   0.62   0.28   0.21   0.71   0.02   0.36   0.12   0.92   0.36   0.49   0.9    0.85  -0.08   0.49   0.9   -0.26   0.39   0.38   0.66  -0.13   0.84   0.85   1      0.36   0.68   0.16   0.71  -0.25 
  0.31   0.49   0.52   0.44   0.36   0.45   0.52  -0.51   0.45   0.52  -0.59   0.48   0.33   0.48   0.4    0.1    0.53   0.42   0.13   0.73   0.32   0.27   0.33  -0.18   0.32   0.27  -0.66   0.45   0.45   0.46  -0.34   0.34   0.31   0.36   1      0.41   0.4    0.41  -0.46 
  0.85   0.66   0.58   0.41   0.89   0.64   0.66  -0.21   0.6    0.58  -0.24   0.83   0.54   0.29   0.98  -0.01   0.54   0.07   0.43   0.61   0.84   0.86   0.92  -0.11   0.84   0.86  -0.27   0.65   0.63   0.84  -0.13   0.92   0.91   0.68   0.41   1      0.18   0.99  -0.32 
  0.16   0.18   0.23   0.44   0.21   0.18   0.18  -0.38   0.17   0.16  -0.43   0.18   0.12   0.27   0.14   0.02   0.18   0.19   0.06   0.3    0.09   0.1    0.13  -0.21   0.09   0.1   -0.46   0.18   0.17   0.18  -0.24   0.14   0.12   0.16   0.4    0.18   1      0.16  -0.23 
  0.79   0.67   0.55   0.4    0.82   0.66   0.67  -0.21   0.63   0.59  -0.24   0.84   0.54   0.29   1     -0.01   0.57   0.07   0.48   0.62   0.83   0.87   0.93  -0.1    0.83   0.87  -0.27   0.66   0.65   0.86  -0.12   0.92   0.93   0.71   0.41   0.99   0.16   1     -0.32 
 -0.26  -0.34  -0.37  -0.35  -0.29  -0.33  -0.35   0.24  -0.31  -0.34   0.22  -0.35  -0.25  -0.26  -0.3    0     -0.33  -0.16  -0.09  -0.43  -0.25  -0.22  -0.26   0.13  -0.25  -0.22   0.35  -0.33  -0.32  -0.34   0.14  -0.27  -0.25  -0.25  -0.46  -0.32  -0.23  -0.32   1    


eigenvalue	proportion	cumulative
 19.30436	  0.49498	  0.49498	-0.217EDGE_COUNT-0.216NODE_COUNT-0.211LOC_TOTAL-0.209NUMBER_OF_LINES-0.209LOC_EXECUTABLE...
  4.39893	  0.11279	  0.60778	0.27 HALSTEAD_CONTENT+0.256HALSTEAD_VOLUME+0.256HALSTEAD_ERROR_EST+0.229NUM_OPERATORS+0.219HALSTEAD_LENGTH...
  3.15277	  0.08084	  0.68862	-0.359CYCLOMATIC_DENSITY-0.313MAINTENANCE_SEVERITY-0.297NORMALIZED_CYLOMATIC_COMPLEXITY+0.294NUM_UNIQUE_OPERATORS+0.283PERCENT_COMMENTS...
  1.66156	  0.0426 	  0.73122	-0.578HALSTEAD_LEVEL+0.473NORMALIZED_CYLOMATIC_COMPLEXITY+0.394CYCLOMATIC_DENSITY-0.256DESIGN_DENSITY-0.212MAINTENANCE_SEVERITY...
  1.47905	  0.03792	  0.76915	-0.474HALSTEAD_CONTENT-0.348NUM_UNIQUE_OPERANDS+0.307LOC_COMMENTS+0.302LOC_BLANK+0.246HALSTEAD_PROG_TIME...
  1.09012	  0.02795	  0.7971 	0.816PARAMETER_COUNT+0.341GLOBAL_DATA_DENSITY+0.194ESSENTIAL_DENSITY-0.193PERCENT_COMMENTS+0.154CYCLOMATIC_DENSITY...
  0.99287	  0.02546	  0.82256	-0.47DESIGN_DENSITY+0.441Defective=N-0.372LOC_CODE_AND_COMMENT-0.357CALL_PAIRS-0.291DESIGN_COMPLEXITY...
  0.93297	  0.02392	  0.84648	-0.746ESSENTIAL_DENSITY-0.393MAINTENANCE_SEVERITY-0.245ESSENTIAL_COMPLEXITY+0.189PARAMETER_COUNT+0.185Defective=N...
  0.88087	  0.02259	  0.86906	0.575PERCENT_COMMENTS+0.412LOC_CODE_AND_COMMENT+0.351PARAMETER_COUNT+0.257Defective=N-0.239GLOBAL_DATA_DENSITY...
  0.74439	  0.01909	  0.88815	0.486CALL_PAIRS-0.386HALSTEAD_DIFFICULTY+0.322LOC_BLANK+0.307Defective=N-0.278HALSTEAD_PROG_TIME...
  0.6559 	  0.01682	  0.90497	0.504GLOBAL_DATA_DENSITY+0.404Defective=N+0.373NORMALIZED_CYLOMATIC_COMPLEXITY+0.366HALSTEAD_LEVEL+0.355LOC_CODE_AND_COMMENT...
  0.62004	  0.0159 	  0.92087	0.566Defective=N+0.385DESIGN_COMPLEXITY-0.34HALSTEAD_LEVEL+0.275HALSTEAD_DIFFICULTY+0.239NUM_UNIQUE_OPERATORS...
  0.57079	  0.01464	  0.9355 	-0.591GLOBAL_DATA_DENSITY+0.482HALSTEAD_LEVEL+0.302PARAMETER_COUNT-0.25MAINTENANCE_SEVERITY+0.207DESIGN_COMPLEXITY...
  0.42536	  0.01091	  0.94641	0.62 LOC_CODE_AND_COMMENT-0.619PERCENT_COMMENTS-0.243DESIGN_COMPLEXITY-0.214NORMALIZED_CYLOMATIC_COMPLEXITY-0.179HALSTEAD_LEVEL...
  0.35323	  0.00906	  0.95547	-0.642ESSENTIAL_COMPLEXITY+0.362GLOBAL_DATA_COMPLEXITY+0.246ESSENTIAL_DENSITY-0.22HALSTEAD_CONTENT+0.218DECISION_COUNT...

Eigenvectors
 V1	 V2	 V3	 V4	 V5	 V6	 V7	 V8	 V9	 V10	 V11	 V12	 V13	 V14	 V15	
-0.1596	 0.1398	 0.066 	 0.0569	 0.302 	 0.0174	 0.0749	-0.0289	-0.0215	 0.3222	 0.0267	-0.2108	 0.0664	 0.0512	 0.0216	LOC_BLANK
-0.1955	-0.1836	-0.1641	-0.0454	-0.0771	-0.018 	 0.0252	-0.0043	 0.031 	 0.018 	-0.0354	-0.0407	-0.0202	 0.0045	-0.0896	BRANCH_COUNT
-0.1368	-0.0331	 0.1358	 0.003 	 0.1657	 0.0918	-0.3574	-0.1483	-0.1983	 0.4857	 0.1803	 0.099 	 0.0992	-0.0867	-0.1604	CALL_PAIRS
-0.1133	-0.1313	 0.0864	 0.1   	 0.1355	-0.1252	-0.3716	 0.0323	 0.4118	-0.2516	 0.355 	-0.053 	 0.0654	 0.6205	-0.0995	LOC_CODE_AND_COMMENT
-0.1825	 0.091 	 0.0017	 0.0332	 0.3068	 0.0006	 0.0669	 0.0223	 0.0823	 0.0874	 0.0601	-0.1211	-0.0428	-0.0136	-0.1872	LOC_COMMENTS
-0.1925	-0.1847	-0.1678	-0.0549	-0.1205	-0.0336	 0.0086	 0.0253	 0.04  	 0.0701	-0.0269	-0.0691	-0.0199	 0.0136	 0.0384	CONDITION_COUNT
-0.1957	-0.1858	-0.1568	-0.0399	-0.067 	-0.015 	 0.0116	 0.0072	 0.0107	-0.0125	-0.0292	 0.0009	 0.0077	 0.0041	-0.0823	CYCLOMATIC_COMPLEXITY
 0.06  	 0.1063	-0.3594	 0.394 	-0.0436	 0.1541	-0.0286	 0.0385	-0.1058	-0.0669	 0.2014	-0.0795	-0.0047	 0.0037	-0.0227	CYCLOMATIC_DENSITY
-0.1859	-0.1868	-0.1589	-0.0603	-0.161 	-0.0487	-0.0361	 0.0787	 0.0139	 0.0929	-0.0155	-0.0459	 0.0217	 0.0316	 0.2185	DECISION_COUNT
-0.1615	-0.1095	-0.0589	-0.0179	 0.0819	 0.0563	-0.2913	-0.0168	-0.1422	-0.0175	 0.1163	 0.3851	 0.2074	-0.2431	-0.0574	DESIGN_COMPLEXITY
 0.0811	 0.1916	-0.2659	-0.2557	 0.1566	 0.0866	-0.4698	-0.0481	 0.0458	-0.0113	 0.0016	 0.1819	-0.1924	-0.1408	 0.127 	DESIGN_DENSITY
-0.2173	-0.044 	-0.0867	-0.0296	-0.0651	-0.0161	-0.0284	 0.0249	-0.0051	 0.0983	 0.0052	-0.0262	 0.0271	 0.0192	 0.1496	EDGE_COUNT
-0.1591	-0.1504	-0.1921	-0.0563	-0.0109	 0.0456	 0.1111	-0.2451	 0.1202	 0.0118	-0.0362	-0.0242	-0.1361	-0.1354	-0.6421	ESSENTIAL_COMPLEXITY
-0.0837	-0.1268	 0.1232	 0.1767	 0.0053	 0.1937	 0.2759	-0.7462	 0.0483	-0.0511	 0.0735	 0.0668	 0.015 	 0.0753	 0.2458	ESSENTIAL_DENSITY
-0.2089	 0.1364	 0.0127	 0.0065	 0.0958	 0.0076	 0.0649	 0.0085	-0.033 	 0.0696	-0.0255	-0.0361	 0.0224	 0.0265	 0.1137	LOC_EXECUTABLE
-0.0013	-0.0226	 0.07  	-0.1032	-0.0467	 0.8159	-0.0445	 0.1888	 0.3509	-0.0071	-0.2075	-0.1302	 0.3022	-0.0257	-0.0085	PARAMETER_COUNT
-0.1744	-0.212 	-0.1118	-0.0658	-0.1532	 0.0194	-0.0458	 0.0946	-0.0731	-0.0653	 0.0563	 0.0826	-0.0164	 0.0047	 0.3624	GLOBAL_DATA_COMPLEXITY
-0.0331	-0.1204	 0.2752	-0.2095	-0.1052	 0.3407	 0.0792	 0.1542	-0.2388	-0.0072	 0.504 	-0.1289	-0.5907	 0.0076	-0.0069	GLOBAL_DATA_DENSITY
-0.1007	 0.2704	 0.1301	-0.0064	-0.474 	-0.0255	-0.1222	-0.102 	 0.0324	-0.1417	 0.0018	 0.0835	 0.0047	-0.0365	-0.2196	HALSTEAD_CONTENT
-0.1642	-0.128 	 0.1054	 0.0625	 0.1963	 0.0651	 0.057 	 0.0292	-0.1688	-0.3859	-0.0425	 0.2754	 0.0959	-0.0478	 0.0497	HALSTEAD_DIFFICULTY
-0.1898	 0.094 	-0.0793	-0.0245	 0.2455	 0.0306	 0.1498	 0.1502	-0.0092	-0.2778	-0.0344	 0.1214	-0.1074	-0.0704	-0.0644	HALSTEAD_EFFORT
-0.1866	 0.2556	 0.0458	 0.0042	-0.1264	-0.0087	 0.0015	-0.0024	 0.0269	-0.0375	 0.0028	-0.0027	-0.023 	-0.002 	 0.0023	HALSTEAD_ERROR_EST
-0.1998	 0.2191	 0.0418	 0.0084	-0.0409	-0.0011	 0.0271	 0.0091	 0.0111	-0.0235	-0.0076	-0.0121	-0.0203	 0.0066	 0.0445	HALSTEAD_LENGTH
 0.031 	 0.0465	-0.0153	-0.5782	 0.0487	-0.1386	 0.0993	-0.14  	-0.0907	-0.2415	 0.3663	-0.34  	 0.4821	-0.1793	-0.0006	HALSTEAD_LEVEL
-0.1898	 0.094 	-0.0793	-0.0245	 0.2455	 0.0306	 0.1498	 0.1502	-0.0092	-0.2778	-0.0344	 0.1214	-0.1074	-0.0704	-0.0644	HALSTEAD_PROG_TIME
-0.1866	 0.2557	 0.0457	 0.0038	-0.1263	-0.009 	 0.0016	-0.0025	 0.0268	-0.0379	 0.0027	-0.0028	-0.0224	-0.002 	 0.0024	HALSTEAD_VOLUME
 0.0866	 0.1785	-0.3129	-0.212 	 0.103 	 0.1435	-0.077 	-0.3929	 0.1941	-0.0771	 0.0288	 0.1149	-0.2499	 0.0521	 0.1633	MAINTENANCE_SEVERITY
-0.1935	-0.1795	-0.1711	-0.0499	-0.0889	-0.022 	 0.0408	-0.0138	 0.0581	 0.0523	-0.0347	-0.0846	-0.0497	 0.0004	-0.0925	MODIFIED_CONDITION_COUNT
-0.1907	-0.1844	-0.1734	-0.0559	-0.1083	-0.0269	 0.0311	 0.0212	 0.0399	 0.033 	-0.0403	-0.0529	-0.0382	-0.0127	 0.0016	MULTIPLE_CONDITION_COUNT
-0.2158	-0.0044	-0.0652	-0.0257	-0.0625	-0.0158	-0.0375	 0.029 	-0.0093	 0.1247	 0.0145	-0.0324	 0.0319	 0.0222	 0.2066	NODE_COUNT
 0.036 	 0.0699	-0.2969	 0.4733	-0.0582	 0.1406	-0.0366	 0.0217	-0.1494	-0.1326	 0.373 	-0.2023	 0.1769	-0.2138	 0.011 	NORMALIZED_CYLOMATIC_COMPLEXITY
-0.2028	 0.1994	 0.0341	 0.0042	-0.0423	-0.0049	 0.0123	 0.0232	 0.0071	-0.0005	-0.0009	-0.02  	-0.0091	 0.0092	 0.1159	NUM_OPERANDS
-0.1966	 0.2295	 0.0462	 0.0108	-0.0398	 0.0012	 0.0359	 0.0005	 0.0134	-0.0372	-0.0116	-0.0072	-0.0269	 0.005 	 0.0011	NUM_OPERATORS
-0.1605	 0.2139	 0.1438	 0.0142	-0.3483	-0.0088	-0.1478	-0.0873	-0.0118	-0.0384	 0.0219	 0.0634	 0.0647	-0.0152	-0.0941	NUM_UNIQUE_OPERANDS
-0.1281	-0.2094	 0.2942	 0.0566	 0.0156	 0.0984	-0.036 	-0.0503	-0.206 	-0.0982	-0.0232	 0.2392	 0.1449	 0.0598	-0.0527	NUM_UNIQUE_OPERATORS
-0.2092	 0.1277	 0.0245	 0.0216	 0.1738	 0.0062	 0.0551	 0.0081	 0.0045	 0.104 	 0.009 	-0.0813	 0.0178	 0.048 	 0.0445	NUMBER_OF_LINES
-0.0571	-0.1393	 0.2834	 0.18  	 0.0414	-0.1929	-0.0541	 0.0331	 0.5748	-0.0109	 0.1633	-0.0294	-0.1224	-0.6187	 0.1633	PERCENT_COMMENTS
-0.2106	 0.1274	 0.0167	 0.0113	 0.1007	 0.0013	 0.0455	 0.01  	-0.0122	 0.0559	-0.0076	-0.038 	 0.0252	 0.0565	 0.1067	LOC_TOTAL
 0.0921	 0.1114	-0.143 	-0.0941	-0.1019	 0.0065	 0.4406	 0.1853	 0.2571	 0.3069	 0.4038	 0.5664	 0.1758	 0.108 	-0.0364	Defective=N

Ranked attributes:
 0.505    1 -0.217EDGE_COUNT-0.216NODE_COUNT-0.211LOC_TOTAL-0.209NUMBER_OF_LINES-0.209LOC_EXECUTABLE...
 0.3922   2 0.27 HALSTEAD_CONTENT+0.256HALSTEAD_VOLUME+0.256HALSTEAD_ERROR_EST+0.229NUM_OPERATORS+0.219HALSTEAD_LENGTH...
 0.3114   3 -0.359CYCLOMATIC_DENSITY-0.313MAINTENANCE_SEVERITY-0.297NORMALIZED_CYLOMATIC_COMPLEXITY+0.294NUM_UNIQUE_OPERATORS+0.283PERCENT_COMMENTS...
 0.2688   4 -0.578HALSTEAD_LEVEL+0.473NORMALIZED_CYLOMATIC_COMPLEXITY+0.394CYCLOMATIC_DENSITY-0.256DESIGN_DENSITY-0.212MAINTENANCE_SEVERITY...
 0.2309   5 -0.474HALSTEAD_CONTENT-0.348NUM_UNIQUE_OPERANDS+0.307LOC_COMMENTS+0.302LOC_BLANK+0.246HALSTEAD_PROG_TIME...
 0.2029   6 0.816PARAMETER_COUNT+0.341GLOBAL_DATA_DENSITY+0.194ESSENTIAL_DENSITY-0.193PERCENT_COMMENTS+0.154CYCLOMATIC_DENSITY...
 0.1774   7 -0.47DESIGN_DENSITY+0.441Defective=N-0.372LOC_CODE_AND_COMMENT-0.357CALL_PAIRS-0.291DESIGN_COMPLEXITY...
 0.1535   8 -0.746ESSENTIAL_DENSITY-0.393MAINTENANCE_SEVERITY-0.245ESSENTIAL_COMPLEXITY+0.189PARAMETER_COUNT+0.185Defective=N...
 0.1309   9 0.575PERCENT_COMMENTS+0.412LOC_CODE_AND_COMMENT+0.351PARAMETER_COUNT+0.257Defective=N-0.239GLOBAL_DATA_DENSITY...
 0.1118  10 0.486CALL_PAIRS-0.386HALSTEAD_DIFFICULTY+0.322LOC_BLANK+0.307Defective=N-0.278HALSTEAD_PROG_TIME...
 0.095   11 0.504GLOBAL_DATA_DENSITY+0.404Defective=N+0.373NORMALIZED_CYLOMATIC_COMPLEXITY+0.366HALSTEAD_LEVEL+0.355LOC_CODE_AND_COMMENT...
 0.0791  12 0.566Defective=N+0.385DESIGN_COMPLEXITY-0.34HALSTEAD_LEVEL+0.275HALSTEAD_DIFFICULTY+0.239NUM_UNIQUE_OPERATORS...
 0.0645  13 -0.591GLOBAL_DATA_DENSITY+0.482HALSTEAD_LEVEL+0.302PARAMETER_COUNT-0.25MAINTENANCE_SEVERITY+0.207DESIGN_COMPLEXITY...
 0.0536  14 0.62 LOC_CODE_AND_COMMENT-0.619PERCENT_COMMENTS-0.243DESIGN_COMPLEXITY-0.214NORMALIZED_CYLOMATIC_COMPLEXITY-0.179HALSTEAD_LEVEL...
 0.0445  15 -0.642ESSENTIAL_COMPLEXITY+0.362GLOBAL_DATA_COMPLEXITY+0.246ESSENTIAL_DENSITY-0.22HALSTEAD_CONTENT+0.218DECISION_COUNT...

Selected attributes: 1,2,3,4,5,6,7,8,9,10,11,12,13,14,15 : 15

