=== Run information ===

Evaluator:    weka.attributeSelection.PrincipalComponents -R 0.95 -A 5
Search:       weka.attributeSelection.Ranker -T -1.7976931348623157E308 -N -1
Relation:     MW1
Instances:    263
Attributes:   38
              LOC_BLANK
              BRANCH_COUNT
              CALL_PAIRS
              LOC_CODE_AND_COMMENT
              LOC_COMMENTS
              CONDITION_COUNT
              CYCLOMATIC_COMPLEXITY
              CYCLOMATIC_DENSITY
              DECISION_COUNT
              DECISION_DENSITY
              DESIGN_COMPLEXITY
              DESIGN_DENSITY
              EDGE_COUNT
              ESSENTIAL_COMPLEXITY
              ESSENTIAL_DENSITY
              LOC_EXECUTABLE
              PARAMETER_COUNT
              HALSTEAD_CONTENT
              HALSTEAD_DIFFICULTY
              HALSTEAD_EFFORT
              HALSTEAD_ERROR_EST
              HALSTEAD_LENGTH
              HALSTEAD_LEVEL
              HALSTEAD_PROG_TIME
              HALSTEAD_VOLUME
              MAINTENANCE_SEVERITY
              MODIFIED_CONDITION_COUNT
              MULTIPLE_CONDITION_COUNT
              NODE_COUNT
              NORMALIZED_CYLOMATIC_COMPLEXITY
              NUM_OPERANDS
              NUM_OPERATORS
              NUM_UNIQUE_OPERANDS
              NUM_UNIQUE_OPERATORS
              NUMBER_OF_LINES
              PERCENT_COMMENTS
              LOC_TOTAL
              Defective
Evaluation mode:    evaluate on all training data



=== Attribute Selection on all input data ===

Search Method:
	Attribute ranking.

Attribute Evaluator (unsupervised):
	Principal Components Attribute Transformer

Correlation matrix
  1      0.7    0.66  -0.03   0.7    0.65   0.71  -0.22   0.68  -0.02   0.62  -0.11   0.81   0.37  -0.03   0.89   0.05   0.57   0.63   0.7    0.84   0.83  -0.53   0.7    0.84  -0.12   0.6    0.63   0.82  -0.28   0.83   0.83   0.84   0.65   0.95   0.13   0.89  -0.34 
  0.7    1      0.47  -0.05   0.46   0.91   0.97   0.26   0.84   0.37   0.82  -0.25   0.94   0.71   0.08   0.81  -0.01   0.49   0.59   0.63   0.75   0.74  -0.49   0.63   0.75  -0      0.93   0.9    0.9    0.27   0.74   0.74   0.74   0.59   0.78  -0.03   0.81  -0.3  
  0.66   0.47   1     -0.07   0.33   0.37   0.5   -0.22   0.39  -0.04   0.61   0.28   0.64   0.14  -0.1    0.63   0.14   0.75   0.22   0.38   0.58   0.58  -0.22   0.38   0.58  -0.25   0.34   0.36   0.67  -0.2    0.56   0.59   0.74   0.35   0.62  -0.05   0.63  -0.37 
 -0.03  -0.05  -0.07   1      0.04  -0.05  -0.06  -0.17  -0.05   0.01  -0.04   0.09   0     -0.01  -0.02  -0.05  -0.04   0.22  -0.05  -0.02   0.03   0.04   0.04  -0.02   0.03   0.03  -0.04  -0.05   0.02  -0.15   0.05   0.02   0.07  -0.07   0.03   0.41   0.04   0.04 
  0.7    0.46   0.33   0.04   1      0.5    0.42  -0.12   0.49   0.06   0.3   -0.2    0.5    0.31  -0      0.57   0.16   0.28   0.47   0.44   0.52   0.52  -0.44   0.44   0.52  -0      0.47   0.48   0.51  -0.33   0.53   0.5    0.52   0.48   0.74   0.58   0.57  -0.3  
  0.65   0.91   0.37  -0.05   0.5    1      0.8    0.17   0.96   0.24   0.62  -0.29   0.86   0.71   0.06   0.73   0.02   0.46   0.49   0.51   0.65   0.65  -0.44   0.51   0.65   0.08   0.98   0.98   0.85   0.18   0.67   0.63   0.65   0.43   0.72   0.02   0.72  -0.32 
  0.71   0.97   0.5   -0.06   0.42   0.8    1      0.26   0.74   0.3    0.87  -0.22   0.92   0.6    0.05   0.83  -0.01   0.47   0.64   0.7    0.78   0.77  -0.5    0.7    0.78  -0.09   0.8    0.79   0.87   0.29   0.75   0.79   0.76   0.67   0.78  -0.06   0.82  -0.27 
 -0.22   0.26  -0.22  -0.17  -0.12   0.17   0.26   1      0.07   0.44   0.19  -0.29   0.05   0.28   0.31  -0.21  -0.13  -0.31  -0.06  -0.08  -0.17  -0.19   0.1   -0.08  -0.17   0.19   0.23   0.17  -0.01   0.88  -0.21  -0.17  -0.25  -0.06  -0.22   0.01  -0.22   0.06 
  0.68   0.84   0.39  -0.05   0.49   0.96   0.74   0.07   1     -0.01   0.55  -0.28   0.83   0.55  -0.03   0.73   0.05   0.44   0.53   0.54   0.67   0.67  -0.45   0.54   0.67  -0.03   0.89   0.94   0.84   0.08   0.69   0.65   0.65   0.46   0.73  -0      0.73  -0.31 
 -0.02   0.37  -0.04   0.01   0.06   0.24   0.3    0.44  -0.01   1      0.32  -0.11   0.19   0.65   0.53   0.05  -0.12   0.11  -0.03  -0.03   0.01   0.02  -0.02  -0.03   0.01   0.43   0.41   0.24   0.15   0.4    0.03   0.01   0.05  -0.02   0.04   0.09   0.05   0    
  0.62   0.82   0.61  -0.04   0.3    0.62   0.87   0.19   0.55   0.32   1      0.17   0.81   0.51   0.06   0.72  -0.02   0.52   0.43   0.54   0.67   0.66  -0.37   0.54   0.67  -0.13   0.64   0.6    0.76   0.24   0.62   0.68   0.7    0.53   0.67  -0.11   0.72  -0.27 
 -0.11  -0.25   0.28   0.09  -0.2   -0.29  -0.22  -0.29  -0.28  -0.11   0.17   1     -0.15  -0.21  -0.15  -0.11   0.02   0.22  -0.39  -0.21  -0.14  -0.14   0.34  -0.21  -0.14  -0.15  -0.28  -0.29  -0.12  -0.22  -0.15  -0.14  -0.01  -0.28  -0.13  -0.15  -0.1   -0.01 
  0.81   0.94   0.64   0      0.5    0.86   0.92   0.05   0.83   0.19   0.81  -0.15   1      0.59   0.01   0.9    0.03   0.65   0.61   0.73   0.87   0.87  -0.5    0.73   0.87  -0.08   0.84   0.84   0.99   0.08   0.86   0.86   0.88   0.6    0.87  -0.01   0.9   -0.36 
  0.37   0.71   0.14  -0.01   0.31   0.71   0.6    0.28   0.55   0.65   0.51  -0.21   0.59   1      0.41   0.46  -0.04   0.31   0.27   0.28   0.39   0.4   -0.27   0.28   0.39   0.59   0.8    0.71   0.57   0.27   0.41   0.38   0.41   0.26   0.45   0.04   0.46  -0.15 
 -0.03   0.08  -0.1   -0.02  -0      0.06   0.05   0.31  -0.03   0.53   0.06  -0.15   0.01   0.41   1     -0.04  -0.09  -0.01  -0.02  -0.02  -0.02  -0.02  -0.03  -0.02  -0.02   0.65   0.13   0.06   0      0.24  -0.02  -0.02  -0.04  -0.02  -0.04   0.09  -0.04   0.05 
  0.89   0.81   0.63  -0.05   0.57   0.73   0.83  -0.21   0.73   0.05   0.72  -0.11   0.9    0.46  -0.04   1      0.03   0.6    0.73   0.8    0.92   0.92  -0.59   0.8    0.92  -0.16   0.69   0.71   0.89  -0.16   0.91   0.92   0.91   0.75   0.97  -0.05   1     -0.32 
  0.05  -0.01   0.14  -0.04   0.16   0.02  -0.01  -0.13   0.05  -0.12  -0.02   0.02   0.03  -0.04  -0.09   0.03   1      0.04   0     -0.02   0.01   0.01  -0.11  -0.02   0.01  -0.04  -0.01   0.02   0.04  -0.21   0      0.01   0.04   0.04   0.06   0.21   0.03   0.01 
  0.57   0.49   0.75   0.22   0.28   0.46   0.47  -0.31   0.44   0.11   0.52   0.22   0.65   0.31  -0.01   0.6    0.04   1      0.14   0.33   0.61   0.63  -0.16   0.33   0.61  -0.14   0.45   0.45   0.69  -0.24   0.65   0.61   0.79   0.17   0.59   0.03   0.62  -0.33 
  0.63   0.59   0.22  -0.05   0.47   0.49   0.64  -0.06   0.53  -0.03   0.43  -0.39   0.61   0.27  -0.02   0.73   0      0.14   1      0.83   0.79   0.79  -0.78   0.83   0.79  -0.13   0.44   0.48   0.58  -0.06   0.78   0.8    0.61   0.89   0.71   0.04   0.73  -0.1  
  0.7    0.63   0.38  -0.02   0.44   0.51   0.7   -0.08   0.54  -0.03   0.54  -0.21   0.73   0.28  -0.02   0.8   -0.02   0.33   0.83   1      0.91   0.89  -0.51   1      0.91  -0.13   0.46   0.5    0.72  -0.05   0.88   0.9    0.74   0.74   0.77  -0.02   0.8   -0.16 
  0.84   0.75   0.58   0.03   0.52   0.65   0.78  -0.17   0.67   0.01   0.67  -0.14   0.87   0.39  -0.02   0.92   0.01   0.61   0.79   0.91   1      1     -0.6    0.91   1     -0.14   0.6    0.64   0.87  -0.14   0.99   0.99   0.93   0.74   0.9    0      0.92  -0.28 
  0.83   0.74   0.58   0.04   0.52   0.65   0.77  -0.19   0.67   0.02   0.66  -0.14   0.87   0.4   -0.02   0.92   0.01   0.63   0.79   0.89   1      1     -0.62   0.89   1     -0.14   0.61   0.64   0.87  -0.15   0.99   1      0.93   0.73   0.9    0.01   0.92  -0.27 
 -0.53  -0.49  -0.22   0.04  -0.44  -0.44  -0.5    0.1   -0.45  -0.02  -0.37   0.34  -0.5   -0.27  -0.03  -0.59  -0.11  -0.16  -0.78  -0.51  -0.6   -0.62   1     -0.51  -0.6    0.08  -0.41  -0.43  -0.48   0.16  -0.61  -0.62  -0.53  -0.77  -0.59  -0.16  -0.58   0.13 
  0.7    0.63   0.38  -0.02   0.44   0.51   0.7   -0.08   0.54  -0.03   0.54  -0.21   0.73   0.28  -0.02   0.8   -0.02   0.33   0.83   1      0.91   0.89  -0.51   1      0.91  -0.13   0.46   0.5    0.72  -0.05   0.88   0.9    0.74   0.74   0.77  -0.02   0.8   -0.16 
  0.84   0.75   0.58   0.03   0.52   0.65   0.78  -0.17   0.67   0.01   0.67  -0.14   0.87   0.39  -0.02   0.92   0.01   0.61   0.79   0.91   1      1     -0.6    0.91   1     -0.14   0.6    0.64   0.87  -0.14   0.99   0.99   0.93   0.74   0.9    0      0.92  -0.28 
 -0.12  -0     -0.25   0.03  -0      0.08  -0.09   0.19  -0.03   0.43  -0.13  -0.15  -0.08   0.59   0.65  -0.16  -0.04  -0.14  -0.13  -0.13  -0.14  -0.14   0.08  -0.13  -0.14   1      0.16   0.09  -0.08   0.09  -0.11  -0.16  -0.15  -0.16  -0.13   0.16  -0.16   0.08 
  0.6    0.93   0.34  -0.04   0.47   0.98   0.8    0.23   0.89   0.41   0.64  -0.28   0.84   0.8    0.13   0.69  -0.01   0.45   0.44   0.46   0.6    0.61  -0.41   0.46   0.6    0.16   1      0.97   0.83   0.23   0.63   0.59   0.61   0.4    0.68   0.03   0.68  -0.31 
  0.63   0.9    0.36  -0.05   0.48   0.98   0.79   0.17   0.94   0.24   0.6   -0.29   0.84   0.71   0.06   0.71   0.02   0.45   0.48   0.5    0.64   0.64  -0.43   0.5    0.64   0.09   0.97   1      0.84   0.17   0.66   0.62   0.64   0.43   0.7    0.02   0.71  -0.3  
  0.82   0.9    0.67   0.02   0.51   0.85   0.87  -0.01   0.84   0.15   0.76  -0.12   0.99   0.57   0      0.89   0.04   0.69   0.58   0.72   0.87   0.87  -0.48   0.72   0.87  -0.08   0.83   0.84   1      0.01   0.87   0.85   0.88   0.56   0.87   0.01   0.89  -0.37 
 -0.28   0.27  -0.2   -0.15  -0.33   0.18   0.29   0.88   0.08   0.4    0.24  -0.22   0.08   0.27   0.24  -0.16  -0.21  -0.24  -0.06  -0.05  -0.14  -0.15   0.16  -0.05  -0.14   0.09   0.23   0.17   0.01   1     -0.18  -0.13  -0.21  -0.06  -0.24  -0.35  -0.17   0.06 
  0.83   0.74   0.56   0.05   0.53   0.67   0.75  -0.21   0.69   0.03   0.62  -0.15   0.86   0.41  -0.02   0.91   0      0.65   0.78   0.88   0.99   0.99  -0.61   0.88   0.99  -0.11   0.63   0.66   0.87  -0.18   1      0.98   0.93   0.69   0.89   0.03   0.91  -0.28 
  0.83   0.74   0.59   0.02   0.5    0.63   0.79  -0.17   0.65   0.01   0.68  -0.14   0.86   0.38  -0.02   0.92   0.01   0.61   0.8    0.9    0.99   1     -0.62   0.9    0.99  -0.16   0.59   0.62   0.85  -0.13   0.98   1      0.92   0.75   0.89  -0.01   0.92  -0.26 
  0.84   0.74   0.74   0.07   0.52   0.65   0.76  -0.25   0.65   0.05   0.7   -0.01   0.88   0.41  -0.04   0.91   0.04   0.79   0.61   0.74   0.93   0.93  -0.53   0.74   0.93  -0.15   0.61   0.64   0.88  -0.21   0.93   0.92   1      0.68   0.9    0.02   0.92  -0.35 
  0.65   0.59   0.35  -0.07   0.48   0.43   0.67  -0.06   0.46  -0.02   0.53  -0.28   0.6    0.26  -0.02   0.75   0.04   0.17   0.89   0.74   0.74   0.73  -0.77   0.74   0.74  -0.16   0.4    0.43   0.56  -0.06   0.69   0.75   0.68   1      0.73   0.03   0.75  -0.15 
  0.95   0.78   0.62   0.03   0.74   0.72   0.78  -0.22   0.73   0.04   0.67  -0.13   0.87   0.45  -0.04   0.97   0.06   0.59   0.71   0.77   0.9    0.9   -0.59   0.77   0.9   -0.13   0.68   0.7    0.87  -0.24   0.89   0.89   0.9    0.73   1      0.14   0.97  -0.35 
  0.13  -0.03  -0.05   0.41   0.58   0.02  -0.06   0.01  -0      0.09  -0.11  -0.15  -0.01   0.04   0.09  -0.05   0.21   0.03   0.04  -0.02   0      0.01  -0.16  -0.02   0      0.16   0.03   0.02   0.01  -0.35   0.03  -0.01   0.02   0.03   0.14   1     -0.02  -0.03 
  0.89   0.81   0.63   0.04   0.57   0.72   0.82  -0.22   0.73   0.05   0.72  -0.1    0.9    0.46  -0.04   1      0.03   0.62   0.73   0.8    0.92   0.92  -0.58   0.8    0.92  -0.16   0.68   0.71   0.89  -0.17   0.91   0.92   0.92   0.75   0.97  -0.02   1     -0.32 
 -0.34  -0.3   -0.37   0.04  -0.3   -0.32  -0.27   0.06  -0.31   0     -0.27  -0.01  -0.36  -0.15   0.05  -0.32   0.01  -0.33  -0.1   -0.16  -0.28  -0.27   0.13  -0.16  -0.28   0.08  -0.31  -0.3   -0.37   0.06  -0.28  -0.26  -0.35  -0.15  -0.35  -0.03  -0.32   1    


eigenvalue	proportion	cumulative
 19.94156	  0.52478	  0.52478	-0.215LOC_EXECUTABLE-0.215LOC_TOTAL-0.214EDGE_COUNT-0.213HALSTEAD_VOLUME-0.213HALSTEAD_ERROR_EST...
  4.31401	  0.11353	  0.6383 	0.377CYCLOMATIC_DENSITY+0.363NORMALIZED_CYLOMATIC_COMPLEXITY+0.339DECISION_DENSITY+0.321ESSENTIAL_COMPLEXITY+0.262MAINTENANCE_SEVERITY...
  2.48601	  0.06542	  0.70373	-0.399DESIGN_DENSITY-0.389HALSTEAD_CONTENT+0.363HALSTEAD_DIFFICULTY-0.33CALL_PAIRS+0.289NUM_UNIQUE_OPERATORS...
  2.24517	  0.05908	  0.76281	0.53 PERCENT_COMMENTS+0.356LOC_COMMENTS-0.347NORMALIZED_CYLOMATIC_COMPLEXITY+0.342MAINTENANCE_SEVERITY+0.271LOC_CODE_AND_COMMENT...
  1.66623	  0.04385	  0.80666	-0.42ESSENTIAL_DENSITY+0.314DECISION_COUNT-0.299DECISION_DENSITY-0.287MAINTENANCE_SEVERITY+0.244CONDITION_COUNT...
  1.16191	  0.03058	  0.83723	-0.607LOC_CODE_AND_COMMENT-0.413PERCENT_COMMENTS+0.334MAINTENANCE_SEVERITY-0.307CYCLOMATIC_DENSITY-0.238NORMALIZED_CYLOMATIC_COMPLEXITY...
  1.10834	  0.02917	  0.8664 	-0.492PARAMETER_COUNT+0.397LOC_CODE_AND_COMMENT-0.286CALL_PAIRS-0.252DESIGN_COMPLEXITY-0.226CYCLOMATIC_DENSITY...
  0.9384 	  0.02469	  0.8911 	0.665Defective=N+0.612PARAMETER_COUNT-0.24LOC_COMMENTS+0.15 LOC_CODE_AND_COMMENT-0.121LOC_BLANK...
  0.74365	  0.01957	  0.91067	-0.396PARAMETER_COUNT-0.364HALSTEAD_LEVEL+0.264Defective=N+0.262DESIGN_DENSITY+0.244NUM_UNIQUE_OPERATORS...
  0.67253	  0.0177 	  0.92836	0.46 Defective=N+0.452HALSTEAD_LEVEL+0.356LOC_COMMENTS-0.315LOC_CODE_AND_COMMENT-0.218PARAMETER_COUNT...
  0.57492	  0.01513	  0.94349	-0.504DESIGN_DENSITY+0.391Defective=N+0.374HALSTEAD_CONTENT+0.277CALL_PAIRS-0.247MAINTENANCE_SEVERITY...
  0.48981	  0.01289	  0.95638	0.575DECISION_DENSITY-0.439ESSENTIAL_DENSITY-0.273DECISION_COUNT-0.22DESIGN_DENSITY-0.213CALL_PAIRS...

Eigenvectors
 V1	 V2	 V3	 V4	 V5	 V6	 V7	 V8	 V9	 V10	 V11	 V12	
-0.1971	-0.0917	-0.0373	 0.0901	 0.0317	 0.0683	-0.0799	-0.1212	 0.0499	 0.1881	 0.0898	-0.1163	LOC_BLANK
-0.1997	 0.1864	-0.0476	-0.0586	 0.0861	-0.0682	-0.0198	 0.0495	 0.0863	-0.0106	-0.0134	 0.0518	BRANCH_COUNT
-0.1372	-0.1291	-0.3295	-0.0672	-0.0589	 0.0256	-0.2859	-0.0551	-0.0692	-0.0048	 0.2769	-0.2135	CALL_PAIRS
 0.0009	-0.0626	-0.0875	 0.2707	-0.1383	-0.6067	 0.3967	 0.1504	-0.0144	-0.3153	-0.1981	-0.1575	LOC_CODE_AND_COMMENT
-0.1342	-0.0524	 0.0577	 0.3556	 0.1992	-0.0725	-0.2054	-0.2399	 0.0743	 0.3565	-0.0057	 0.0577	LOC_COMMENTS
-0.183 	 0.1923	-0.0769	 0.0387	 0.2441	 0.0749	 0.16  	 0.0637	 0.0279	 0.0196	-0.0284	-0.0733	CONDITION_COUNT
-0.1991	 0.1374	-0.0046	-0.1294	 0.017 	-0.1427	-0.1048	 0.0403	 0.0663	-0.008 	-0.0227	 0.0223	CYCLOMATIC_COMPLEXITY
 0.0147	 0.3768	 0.1169	-0.1732	 0.0525	-0.3067	-0.226 	-0.0976	-0.2072	 0.132 	 0.0711	-0.1758	CYCLOMATIC_DENSITY
-0.1808	 0.1097	-0.0499	 0.0074	 0.3142	 0.1022	 0.2036	 0.0684	-0.0535	 0.0436	-0.0303	-0.2726	DECISION_COUNT
-0.0283	 0.3387	-0.0594	 0.126 	-0.299 	-0.0999	-0.1868	-0.015 	 0.2162	-0.0746	 0.1286	 0.575 	DECISION_DENSITY
-0.1699	 0.0977	-0.1664	-0.1705	-0.1108	-0.1804	-0.2517	 0.0482	 0.2093	 0.0299	-0.1787	-0.1006	DESIGN_COMPLEXITY
 0.0414	-0.1531	-0.3991	-0.0995	-0.2319	-0.0344	-0.1573	 0.1045	 0.2616	 0.2135	-0.5037	-0.2196	DESIGN_DENSITY
-0.2145	 0.0666	-0.0999	-0.0427	 0.0377	-0.0445	 0.0104	 0.0318	-0.0511	 0.0093	 0.0302	-0.0235	EDGE_COUNT
-0.1224	 0.3213	-0.0631	 0.1757	-0.1115	 0.162 	 0.0656	 0.1053	 0.1479	-0.0162	-0.1746	 0.1755	ESSENTIAL_COMPLEXITY
-0.002 	 0.2535	 0.0653	 0.2137	-0.4195	 0.1912	-0.1293	-0.0968	-0.1931	-0.0759	 0.1596	-0.4391	ESSENTIAL_DENSITY
-0.2152	-0.0618	-0.0147	-0.0256	-0.0202	 0.0839	-0.0167	 0.0007	 0.0946	 0.0306	-0.0213	 0.0318	LOC_EXECUTABLE
-0.0068	-0.0796	-0.0326	 0.1743	 0.2334	 0.0882	-0.4919	 0.6116	-0.3963	-0.2183	-0.171 	 0.1211	PARAMETER_COUNT
-0.1384	-0.0833	-0.3887	 0.0633	-0.1445	-0.049 	 0.0885	 0.0456	-0.1213	-0.159 	 0.3742	 0.0733	HALSTEAD_CONTENT
-0.1698	-0.0663	 0.3632	-0.0342	-0.0233	-0.0013	-0.0159	 0.0092	 0.0961	-0.1116	-0.0809	-0.027 	HALSTEAD_DIFFICULTY
-0.1856	-0.0862	 0.2113	-0.0938	-0.1481	-0.0417	 0.0501	 0.0077	-0.2371	 0.1801	-0.1842	 0.1197	HALSTEAD_EFFORT
-0.2132	-0.0889	 0.0542	-0.0335	-0.1186	-0.0104	 0.0466	 0.0085	-0.1259	 0.0167	 0.0038	 0.042 	HALSTEAD_ERROR_EST
-0.2129	-0.09  	 0.0517	-0.0221	-0.1167	-0.0039	 0.0603	 0.0171	-0.1005	-0.0159	 0.0349	 0.0413	HALSTEAD_LENGTH
 0.1397	 0.0511	-0.2825	-0.0904	-0.0602	-0.0466	 0.1533	-0.0402	-0.3644	 0.4517	-0.1205	 0.1988	HALSTEAD_LEVEL
-0.1856	-0.0862	 0.2113	-0.0938	-0.1481	-0.0417	 0.0501	 0.0077	-0.2371	 0.1801	-0.1842	 0.1197	HALSTEAD_PROG_TIME
-0.2133	-0.0881	 0.0537	-0.0342	-0.1193	-0.0114	 0.0467	 0.0091	-0.1274	 0.0169	 0.0035	 0.0421	HALSTEAD_VOLUME
 0.0212	 0.2622	 0.046 	 0.342 	-0.2873	 0.3338	 0.0831	 0.0313	-0.1244	 0.0376	-0.2467	-0.1607	MAINTENANCE_SEVERITY
-0.1758	 0.2428	-0.0928	 0.0595	 0.1817	 0.0515	 0.1208	 0.0572	 0.0855	 0.0012	-0.0257	 0.0744	MODIFIED_CONDITION_COUNT
-0.1799	 0.193 	-0.0719	 0.0381	 0.2415	 0.0781	 0.1715	 0.0792	 0.0296	 0.0204	-0.0229	-0.057 	MULTIPLE_CONDITION_COUNT
-0.2126	 0.0435	-0.1253	-0.0157	 0.0428	-0.014 	 0.0443	 0.0283	-0.0844	 0.0141	 0.045 	-0.0364	NODE_COUNT
 0.0119	 0.3634	 0.0658	-0.3474	-0.0058	-0.2379	-0.0656	-0.0186	-0.1743	-0.048 	-0.0052	-0.1013	NORMALIZED_CYLOMATIC_COMPLEXITY
-0.2116	-0.0873	 0.0382	 0.0079	-0.104 	 0.0172	 0.1033	 0.0152	-0.106 	-0.0095	 0.0405	 0.0711	NUM_OPERANDS
-0.2117	-0.0912	 0.0618	-0.0455	-0.1255	-0.0206	 0.0257	 0.0185	-0.0951	-0.0208	 0.0301	 0.0173	NUM_OPERATORS
-0.2072	-0.0962	-0.1127	 0.0092	-0.105 	-0.0067	-0.0046	-0.0028	-0.0233	-0.0861	 0.1349	 0.0015	NUM_UNIQUE_OPERANDS
-0.1665	-0.077 	 0.2889	-0.052 	-0.0365	-0.0262	-0.1991	-0.0267	 0.2436	-0.1752	-0.0869	-0.1386	NUM_UNIQUE_OPERATORS
-0.2128	-0.0749	-0.0107	 0.0918	 0.0261	 0.0182	-0.0463	-0.0651	 0.0885	 0.114 	-0.0095	 0.0005	NUMBER_OF_LINES
-0.0076	-0.0308	 0.0699	 0.53  	 0.109 	-0.4126	-0.1619	-0.0836	-0.055 	 0.1905	 0.0544	-0.0499	PERCENT_COMMENTS
-0.2152	-0.0674	-0.0226	-0.0012	-0.0327	 0.0291	 0.0191	 0.0143	 0.0933	 0.0021	-0.0392	 0.0176	LOC_TOTAL
 0.077 	 0.0117	 0.2029	-0.0297	-0.1693	-0.0692	 0.1224	 0.6649	 0.2639	 0.4603	 0.3906	-0.1308	Defective=N

Ranked attributes:
 0.4752   1 -0.215LOC_EXECUTABLE-0.215LOC_TOTAL-0.214EDGE_COUNT-0.213HALSTEAD_VOLUME-0.213HALSTEAD_ERROR_EST...
 0.3617   2 0.377CYCLOMATIC_DENSITY+0.363NORMALIZED_CYLOMATIC_COMPLEXITY+0.339DECISION_DENSITY+0.321ESSENTIAL_COMPLEXITY+0.262MAINTENANCE_SEVERITY...
 0.2963   3 -0.399DESIGN_DENSITY-0.389HALSTEAD_CONTENT+0.363HALSTEAD_DIFFICULTY-0.33CALL_PAIRS+0.289NUM_UNIQUE_OPERATORS...
 0.2372   4 0.53 PERCENT_COMMENTS+0.356LOC_COMMENTS-0.347NORMALIZED_CYLOMATIC_COMPLEXITY+0.342MAINTENANCE_SEVERITY+0.271LOC_CODE_AND_COMMENT...
 0.1933   5 -0.42ESSENTIAL_DENSITY+0.314DECISION_COUNT-0.299DECISION_DENSITY-0.287MAINTENANCE_SEVERITY+0.244CONDITION_COUNT...
 0.1628   6 -0.607LOC_CODE_AND_COMMENT-0.413PERCENT_COMMENTS+0.334MAINTENANCE_SEVERITY-0.307CYCLOMATIC_DENSITY-0.238NORMALIZED_CYLOMATIC_COMPLEXITY...
 0.1336   7 -0.492PARAMETER_COUNT+0.397LOC_CODE_AND_COMMENT-0.286CALL_PAIRS-0.252DESIGN_COMPLEXITY-0.226CYCLOMATIC_DENSITY...
 0.1089   8 0.665Defective=N+0.612PARAMETER_COUNT-0.24LOC_COMMENTS+0.15 LOC_CODE_AND_COMMENT-0.121LOC_BLANK...
 0.0893   9 -0.396PARAMETER_COUNT-0.364HALSTEAD_LEVEL+0.264Defective=N+0.262DESIGN_DENSITY+0.244NUM_UNIQUE_OPERATORS...
 0.0716  10 0.46 Defective=N+0.452HALSTEAD_LEVEL+0.356LOC_COMMENTS-0.315LOC_CODE_AND_COMMENT-0.218PARAMETER_COUNT...
 0.0565  11 -0.504DESIGN_DENSITY+0.391Defective=N+0.374HALSTEAD_CONTENT+0.277CALL_PAIRS-0.247MAINTENANCE_SEVERITY...
 0.0436  12 0.575DECISION_DENSITY-0.439ESSENTIAL_DENSITY-0.273DECISION_COUNT-0.22DESIGN_DENSITY-0.213CALL_PAIRS...

Selected attributes: 1,2,3,4,5,6,7,8,9,10,11,12 : 12

